15.7 63.3 58.8 38.4 58.6 108.6 NA 26.2 30.1 NA NA NA NA NA NA NA NA NA NA NA
22.1 50.1 18.6 19.7 44.4 43.5 245.6 39.5 14.8 NA NA NA NA NA NA NA NA NA NA NA
17 7 16.3 0 20.2 13.8 116 3.1 10.6 NA NA NA NA NA NA NA NA NA NA NA
16.6 22.6 47.1 30.3 14.8 23.2 39.9 5.4 4.5 NA NA NA NA NA NA NA NA NA NA NA
1.8 0 0.4 0.2 0.1 0 0.4 0 0.1 NA NA NA NA NA NA NA NA NA NA NA
7.3 0 8 5.8 5.4 19.8 44.3 0 5.9 NA NA NA NA NA NA NA NA NA NA NA
23.3 73.1 3.4 68.6 34.9 36.5 169.1 0 0 NA NA NA NA NA NA NA NA NA NA NA
49.8 103.3 96.9 131.8 31.2 107.4 116.7 101.4 48.1 NA NA NA NA NA NA NA NA NA NA NA
33.6 67.6 48.7 56.5 53.2 102.6 86 51.3 27.1 NA NA NA NA NA NA NA NA NA NA NA
17.1 50.8 92.8 16.3 72.5 13.2 134.5 62.4 98.8 NA NA NA NA NA NA NA NA NA NA NA
32.4 112.5 64.7 17.5 75 47.2 125.2 33.1 111.2 NA NA NA NA NA NA NA NA NA NA NA
55.8 190.6 122.3 87 138.3 82.1 759.1 45.1 69.4 NA NA NA NA NA NA NA NA NA NA NA
11.4 82.8 98.9 28.7 51.1 68.7 177.9 26.7 40.6 NA NA NA NA NA NA NA NA NA NA NA
33.3 98 81.3 35.5 56.3 61.6 473.8 50 45.5 NA NA NA NA NA NA NA NA NA NA NA
22.4 41.3 21.1 16.4 30.2 27.8 36.2 21.3 20.6 NA NA NA NA NA NA NA NA NA NA NA
11 12.7 19.7 33 13.2 19.1 50.9 12 36.4 NA NA NA NA NA NA NA NA NA NA NA
3.5 0.4 1.6 0.6 0.8 0.7 1 2 4.3 NA NA NA NA NA NA NA NA NA NA NA
0 8.6 NA 0 0.9 1.6 0.5 0 0 NA NA NA NA NA NA NA NA NA NA NA
0.1 0 0 0 2.3 7.1 13.7 1.1 0 NA NA NA NA NA NA NA NA NA NA NA
0.6 0 0 0 0 0 0 4.3 18.3 NA NA NA NA NA NA NA NA NA NA NA
30.7 6.7 4.6 1.7 11.3 11.7 81.3 0 4 NA NA NA NA NA NA NA NA NA NA NA
121.3 240.2 268.2 139.6 258 159.6 589.8 108.8 257.7 NA NA NA NA NA NA NA NA NA NA NA
157.5 202.4 171.5 58.7 166.5 151.4 356.7 80.4 178.8 NA NA NA NA NA NA NA NA NA NA NA
8.4 29.9 19.8 30.9 12 22.8 153.2 17.7 16.1 NA NA NA NA NA NA NA NA NA NA NA
6.4 21.2 18.1 17.1 33.8 57.6 172.3 1.3 6 NA NA NA NA NA NA NA NA NA NA NA
19.6 88.1 53.5 32.8 39.2 44.8 85.6 68.5 27.4 NA NA NA NA NA NA NA NA NA NA NA
22 8.8 12.4 2.8 4.9 9.9 100.3 8.1 13 NA NA NA NA NA NA NA NA NA NA NA
4.5 32.7 32 46.3 24.6 15.5 32.1 5.1 10.3 NA NA NA NA NA NA NA NA NA NA NA
0 0 2.3 0.4 0.4 0.3 1.3 2.7 5.5 NA NA NA NA NA NA NA NA NA NA NA
0 NA 0 0 0 0 0 0 0 NA NA NA NA NA NA NA NA NA NA NA
2.1 0 0 0 0 0 38.6 0 0 NA NA NA NA NA NA NA NA NA NA NA
29.3 70.5 113.8 82.1 22.8 55.3 172.8 81.1 3.2 NA NA NA NA NA NA NA NA NA NA NA
NA 93 57.9 83.9 NA 91.4 151.8 47.4 63.9 NA NA NA NA NA NA NA NA NA NA 146.4
50 100.7 55 82.8 155.3 48.4 168.3 46.5 84.4 NA NA NA NA NA NA NA NA NA NA 144.6
43.6 120.9 68.7 28.5 66.3 128.2 283 77.3 110.3 NA NA NA NA NA NA NA NA NA NA 40.1
17.4 39.6 9 41.1 35.4 24 293 25.3 49.8 NA NA NA NA NA NA NA NA NA NA 15.4
7.3 28 8.8 23.4 0.9 64.6 186.4 8 16.9 NA NA NA NA NA NA NA NA NA NA 14.1
26.7 109.5 57.9 31.5 91.7 119.1 293.2 45.3 39.8 NA NA NA NA NA NA NA NA NA NA 93.5
70.8 52.1 63.8 31.7 68 75.8 149.5 61.7 79.2 NA NA NA NA NA NA NA NA NA NA 60.8
3.6 10.3 18.4 5.9 7.4 16.1 17.7 4.7 19.2 NA NA NA NA NA NA NA NA NA NA 30.7
6.2 5.1 9.2 7.4 16.4 9.6 33.7 25.6 12.2 NA NA NA NA NA NA NA NA NA NA 9.4
88.1 44.1 44 38.9 81.9 87 137.3 62.9 63.8 NA NA NA NA NA NA NA NA NA NA 39.1
2 0 0.5 0.9 0 0 39.2 4 3.2 NA NA NA NA NA NA NA NA NA NA 35.6
43 60 69.1 143.3 8.6 40.7 61 40.2 35.1 NA NA NA NA NA NA NA NA NA NA 24.6
103.9 160.4 81.1 121.7 187.9 90.8 283.2 243.2 300.3 NA NA NA NA NA NA NA NA NA NA 166.4
183.5 553.9 696.9 359 670.5 472.2 818.9 334.4 377.3 NA NA NA NA NA NA NA NA NA NA 304.4
24.9 79.1 38.2 15.7 16.7 41.4 63.8 40.8 39.7 NA NA NA NA NA NA NA NA NA NA 27.1
73.3 110.6 98 68.7 85.7 45.9 288.5 57.2 63.1 NA NA NA NA NA NA NA NA NA NA 89.1
42.9 55.6 65.2 18.7 40.2 58.5 121.5 21.7 54.6 NA NA NA NA NA NA NA NA NA NA 64.6
2.6 21.7 8.8 1.3 8.8 17.3 127.8 12.3 10.7 NA NA NA NA NA NA NA NA NA NA 31.2
109 61.3 56.8 38.8 57.6 107.3 437.7 44.3 88.5 NA NA NA NA NA NA NA NA NA NA 72.4
8.1 42.8 63.3 35.6 45.2 31.3 43.1 8 6.4 NA NA NA NA NA NA NA NA NA NA 64
7.9 1.3 1.5 6.9 8.5 4.8 10.5 4.1 4.8 NA NA NA NA NA NA NA NA NA NA 13.1
0 0 0.3 0 0 4.5 1.1 0.5 0 NA NA NA NA NA NA NA NA NA NA 0
5 0 22.4 35.2 0 0 0 0 0 NA NA NA NA NA NA NA NA NA NA 13.3
0 0 41.1 65.7 5.5 0 1.3 16.8 0 NA NA NA NA NA NA NA NA NA NA 6.7
82.2 65.8 41.1 55.4 71.2 69.2 147.8 63.5 42.8 NA NA NA NA NA NA NA NA NA NA 101.8
21.3 141 228.5 63.2 113.7 40.3 216.5 145.7 128 NA NA NA NA NA NA NA NA NA NA 88.7
59.8 139.2 152.5 21.6 113.2 100.7 414.8 58.8 156.8 NA NA NA NA NA NA NA NA NA NA 81.1
102.7 88 74.8 113.5 71 28.5 325.8 34.6 53 NA NA NA NA NA NA NA NA NA NA 127.3
20.7 11.2 11.3 16.6 10.6 42.6 96.9 0.7 8.7 NA NA NA NA NA NA NA NA NA NA 20.9
21 47.1 51.1 30.8 50.8 52.3 181.5 51.4 59.4 NA NA NA NA NA NA NA NA NA NA 65.5
56.9 81.7 27.3 40.3 69.3 53.8 209.4 28.6 46.7 NA NA NA NA NA NA NA NA NA NA 62
13.3 59.5 90.9 55.3 42.8 38.8 74.6 7 17.7 NA NA NA NA NA NA NA NA NA NA 68.1
26.4 3.6 26.6 22.2 10.1 16.2 29.3 30.1 26 NA NA NA NA NA NA NA NA NA NA 38.1
8.3 12.7 4.1 13.8 15 12.4 22 20.6 25.3 NA NA NA NA NA NA NA NA 3 NA 7.2
34.8 3.6 25.7 21.6 38.9 63 159.2 10.7 NA NA NA NA NA NA NA NA NA 18.2 NA 20.7
12.1 50.9 110.4 111.6 28.4 NA 69.1 14.6 18.4 NA NA NA NA NA NA NA NA 110.6 NA 51.2
9.4 9.4 17.2 13 7.6 16.1 61.9 16.9 0 NA NA NA NA NA NA NA NA 40.5 NA 16
32.4 68.3 91 83.6 58.6 26.6 104.8 40.7 86.2 NA NA NA NA NA NA NA NA 35.7 NA 8.9
128.1 176.2 147.2 57 123 112 376.5 107 179.7 NA NA NA NA NA NA NA NA 153.5 NA 160.8
139.3 353.7 153.7 98.3 167.1 180.4 1402.3 100 119.8 NA NA NA NA NA NA NA NA 182.9 NA 182.6
7.9 19.4 31.3 13.1 24.9 23.7 188.1 31.2 30 NA NA NA NA NA NA NA NA 32.5 NA 21.6
0 NA 2.9 0 0 2.7 21.2 1.2 2.4 NA NA NA NA NA NA NA NA 0 NA 1.5
10.8 9.4 13.1 33.5 8.2 30.9 134 10.4 NA NA NA NA NA NA NA NA NA 21.2 NA 7.9
30.8 33.4 53 56.4 39.2 58.5 82.9 31.6 98.5 NA NA NA NA NA NA NA NA 85 NA 42.7
9 6.7 20.2 13.3 9.5 49.7 38.1 39.1 56 NA NA NA NA NA NA NA NA 12.8 NA 24.5
35.4 18.7 18 46.6 15.1 46.6 74 73.7 46.6 NA NA NA NA NA NA NA NA 8.3 NA 14.1
98 49.1 36.9 25.9 183.1 43.4 268.2 21.7 36.8 NA NA NA NA NA NA NA NA 30.6 NA 15.9
45.9 158.1 206.7 171.5 42.6 177.9 515.3 58.2 79.3 NA NA NA NA NA NA NA NA 148.5 NA 159.9
47 18.1 33.7 20.5 15.1 30.6 89.3 74 38.7 NA NA NA NA NA NA NA NA 167.9 NA 72.2
34.4 65.9 31.7 37.5 111.8 44.7 126 60.5 28.3 NA NA NA NA NA NA NA NA 41.5 NA 88.6
41.8 130.2 83.3 40.1 65 108.4 236.7 46.7 25.1 NA NA NA NA NA NA NA NA 85.1 NA 101.6
41.6 57.1 39.7 39.9 52.6 47.2 180.1 28.2 40.5 NA NA NA NA NA NA NA NA 83 NA 49.2
23.1 42.1 50.2 25 22.4 48.7 148.6 18.9 58.9 NA NA NA NA NA NA NA NA 34.9 NA 41.2
6.6 32.3 30.5 6.2 9.9 18.4 95.3 36.2 11.8 NA NA NA NA NA NA NA NA 10.2 NA 10.3
7 30.2 9.2 5.7 11.3 17.3 46.3 7.7 42.1 NA NA NA NA NA NA NA NA 6.2 NA 6.9
19 94 101 36.8 60.4 NA 129.1 22 58.4 NA NA NA NA NA NA NA NA 127 NA 47.3
4.4 6.9 9.5 16.3 23.5 11.1 6.5 20.9 27.5 NA NA NA NA NA NA NA NA 3.2 NA 33.9
0.3 0.9 2.9 0 0 5.4 8.8 1.8 0.3 NA NA NA NA NA NA NA NA 3.2 NA 1.3
59.2 0 10.5 1.7 21.2 0 0 0 0 NA NA NA NA NA NA NA NA 0 NA 0
7 132.1 128 82.3 41.5 NA 16.9 44.9 0 NA NA NA NA NA NA NA NA 114.7 NA 73.4
0 2.2 10.2 40.3 15.4 19.2 48.2 16.3 2.6 NA NA NA NA NA NA NA NA 10.3 NA 18.4
32.9 132.1 128.8 41.2 62.7 82.6 188.6 74.9 NA NA NA NA NA NA NA NA NA 70.6 NA 69.8
149.2 183 156.7 86.4 167.8 228.6 528.7 138.8 194.8 NA NA NA NA NA NA NA NA 181.2 NA 128.1
29.4 66.1 29.5 49 40.6 31.2 340.9 44 67.7 NA NA NA NA NA NA NA NA 62.3 NA 42.5
46.2 26.8 21.9 28.7 20.5 68.8 231.1 22.7 57.3 NA NA NA NA NA NA NA NA 24.6 NA 37.8
29.9 70.8 38.3 13.3 44.1 50 194.5 41 12.2 NA NA NA NA NA NA NA NA 56.3 NA 88.8
11.9 7.1 3.8 0 7.4 5.7 7.1 0 0 NA NA NA NA NA NA NA NA 0 NA 9.6
11.8 7.4 33.2 NA 6.5 13.9 9.7 4.6 4.8 NA NA NA NA NA NA NA NA 14.4 NA 5.9
11.2 3.4 8.3 3.5 5.9 14.4 20.8 9.4 21 NA NA NA NA NA NA NA NA 6.9 NA 10.1
0 0 0 0 0 0.3 0 0 5.1 NA NA NA NA NA NA NA NA 0 NA 0
104.1 50.7 65.2 NA 72.6 39.4 78.9 15.1 129.8 NA NA NA NA NA NA NA NA 50.7 NA 62.2
39.9 84.5 71.6 49.2 10.7 27 61.8 34.4 23.3 NA NA NA NA NA NA NA NA 107.9 NA 51.8
97.8 87.6 35.3 72.7 88.1 58.5 57 29.8 59 NA NA NA NA NA NA NA NA 28.6 NA 39
14.5 15.4 NA 23.6 9 9.1 38.1 15.3 27.6 NA NA NA NA NA NA NA NA 20.5 NA 13.2
389.4 250.5 290.2 140.7 169.5 442.4 958.3 148.6 212.4 NA NA NA NA NA NA NA NA 292.7 NA 129.6
112.1 80.8 101.8 82.3 93.2 56.5 293.2 62.9 51 NA NA NA NA NA NA NA NA 113.2 NA 103.1
39.5 50.6 61.4 NA 68.3 110.7 389.4 17.5 54.3 NA NA NA NA NA NA NA NA 66.7 NA 66.4
0 5 5.7 0 1.7 2.5 8.8 5.3 2.6 NA NA NA NA NA NA 3.8 NA 2.2 NA 0
44.8 29.9 40.6 30.2 28.1 27.9 122 15 12.4 NA NA NA NA NA NA 22.3 NA 57.5 NA 39.7
53.3 196.4 110 62.5 85.6 72 96.4 25.2 62.2 NA NA NA NA NA NA 119.7 NA 122.8 NA 121.5
8.5 3.1 6.1 3.2 7.5 11 37.4 4.8 3.8 NA NA NA NA NA NA 1.5 NA 0.3 NA 3
0 0 1.6 0 0 3.5 3 12.2 6.7 NA NA NA NA NA NA 12.3 NA 5.5 NA 0.7
11.4 0 1.8 0.9 0 18.3 41.4 0 12 NA NA NA NA NA NA 0 NA 0 NA 9.3
58.9 94.9 191.9 86.9 14.7 42.4 79.2 129.6 87.5 NA NA NA NA NA NA 129.1 NA 99 NA 27.3
37.5 6 15.4 26.1 10.4 0 36.5 10.3 17.1 NA NA NA NA NA NA 16.4 NA 20.5 NA 11.6
341.9 272.9 411.3 157.6 361.8 238.7 492.1 210.7 195.1 NA NA NA NA NA NA 66.4 NA 197.3 NA 182.1
196.5 203.7 242.1 68.4 197.9 110.9 301.1 141.4 239 NA NA NA NA NA NA 145.9 NA 208 NA 143.2
25.9 18.1 15.8 19.3 21.8 20.5 101.1 21.4 47.4 NA NA NA NA NA NA 5 NA 25.3 NA 34.3
145.2 127.1 207.1 77.8 150.3 122.5 445.9 78 179.5 NA NA NA NA NA NA 111.4 NA 121.1 NA 190.8
42 75.5 30.1 27.7 30.1 65.9 217 40.2 33.3 NA NA NA NA NA NA 29.6 NA 38.9 NA 72.7
90.1 71.8 60.4 52.6 180.9 78.4 270.4 60.1 155 NA NA NA NA NA NA 49.9 NA 164.4 NA 70.2
1.7 10.1 25.9 10.3 1.8 9.1 6.4 2.3 0 NA NA NA NA NA NA 1.9 NA 6 NA 4.7
1.3 0 0 0.9 0.4 0.8 2 0 0.2 NA NA NA NA NA NA 0 NA 0 NA 0.1
43.4 16.4 20.3 28.3 22.4 42.3 95.1 57.7 NA NA NA NA NA NA NA 17.8 NA 30.8 NA 9.7
6.5 0 0 0 0 0 0 0 0 NA NA NA NA NA NA 0.2 NA 0 NA 0.6
40.5 142.6 120.7 143 32 83.1 114.5 39.5 48.7 NA NA NA NA NA NA 147.3 NA 119.7 NA 76.6
171.5 103.9 114.1 26.3 82.6 62.1 91.7 222.1 166.5 NA NA NA NA NA NA 73.4 NA 113.8 NA 98.8
35.8 76.1 155.4 14.5 106.3 31.4 163.8 59 34.3 NA NA NA NA NA NA 32.6 NA 74.1 NA 81.5
31 40.3 36.9 13.4 18.4 41.2 28.3 22.1 12.5 NA NA NA NA NA NA 34.3 NA 44.7 NA 13.9
57.9 117.5 65.2 87 58.3 41.5 194.8 52.5 33.2 NA NA NA NA NA NA 51.3 NA 75 NA 80.4
134.9 108 124.4 98.4 101.7 154 818.8 120.5 186 NA NA NA NA NA NA 101.2 NA 113.9 NA 81.1
87.3 78.1 77.6 48.7 75.7 84.8 316.5 58.5 NA NA NA NA NA NA NA 55.8 NA 97.5 NA 117.5
92.2 8.3 13 14.4 26.5 19.1 32.9 20.9 34.7 NA NA NA NA NA NA 19.9 NA 8.4 NA 19.5
0 11 14.9 7.7 2.7 6 17.9 1.3 0 NA NA NA NA NA NA 6.5 NA 5.5 NA 6.1
37 9.8 26.5 1.3 15.4 9.1 28.5 16.8 20.1 NA NA NA NA NA NA 11.8 NA 5.8 NA 12.6
7.9 20.4 8.9 44.8 6.2 2.7 5.7 9 43 NA NA NA NA NA NA 6.6 NA 6.5 NA 2.6
109 34.1 52.6 28.6 181.3 113.2 144 41.5 22.7 NA NA NA NA NA NA 135.1 NA 212.2 NA 48.9
0 0 0 0 0 0 9 0 0 NA NA NA NA NA NA 0 NA 0 NA 0
37.5 1.9 0 12.1 0 4.7 45.8 4.9 5.5 NA NA NA NA NA NA 9.2 NA 12.1 NA 14.3
71.9 108.8 92.6 35.8 55.4 31.3 89 29.9 42.5 NA NA NA NA NA NA 73.4 NA 156.6 NA 79
169 195.9 112.3 89.1 116.1 132.4 231.8 79.6 102.3 NA NA NA NA NA NA 178.5 NA 105.4 NA 72.2
75.1 204.6 79.8 92.1 175.5 33.5 304.8 49.7 51.9 NA NA NA NA NA NA 124.2 NA 183.1 NA 136.3
36 54.9 45.7 45.4 59.4 131.8 350.2 26 43.3 NA NA NA NA NA NA 33.3 NA 46.8 NA 54.1
5.3 10 9.1 5.1 15.8 8 38.5 8.3 3.8 NA NA NA NA NA NA 2.6 NA 6 NA 2.5
30.5 10.8 22.9 14.4 18.3 30.7 44.7 9.1 18.2 NA NA NA NA NA NA 19.3 NA 42.2 NA 17.6
34.7 71.7 66.4 56.1 147.7 36 83.1 23.5 41.3 NA NA NA NA NA NA 52.5 NA 117.2 NA 54
23.8 29.2 54.2 17 29.5 NA 65.6 6.4 19.8 NA NA NA NA NA NA 25 NA 14.1 NA 32.6
92.2 NA 20.9 17.5 13.3 122.3 164 43.1 46 NA NA NA NA NA NA 22.4 NA 25.7 NA 33
0 NA 1.2 0.5 0 3.8 18.4 0 9.9 NA NA NA NA NA NA 0.4 NA 16.7 NA 2.4
0 NA 0 27.2 0 28.1 10.6 4.8 0 NA NA NA NA NA NA 15.7 NA 0 NA 3.8
68.8 NA 34.5 20.2 132.6 13.2 62.6 48.9 71.9 NA NA NA NA NA NA 310.5 NA 74.6 NA 118.1
30.8 NA NA 16.2 6.4 14 39.1 17.5 21.4 NA NA NA NA NA NA 27.1 NA 66.3 NA 21.1
48.1 NA 20.4 7.8 23.5 32.6 52.8 21 21.3 NA NA NA NA NA NA 59.2 NA 27.9 NA 24
33 NA 14.6 22.9 37.2 7 30.2 23.6 8.2 NA NA NA NA NA NA 21.1 NA 37.3 NA 16.9
169.6 NA 76.8 72.3 91.3 216.2 625.6 33.7 106 NA NA NA NA NA NA 59.9 NA 82.6 NA 130.8
24.7 NA 38.5 12.6 14.8 43.1 NA 39.1 14.5 NA NA NA NA NA NA 24.3 NA 35.1 NA 43.3
31.1 NA 66.8 16.7 41.8 40.4 65.6 19.9 68.8 NA NA NA NA NA NA 20.5 NA 86.8 NA 30.7
110 NA 233.1 233.5 277.8 169 325.9 33.9 133 NA NA NA NA NA NA 94.5 NA 291.8 NA 220.3
3.9 NA 1.3 3.3 1.4 1.1 9.9 0.4 0.8 NA NA NA NA NA NA 0.8 NA 1 NA 3
48.9 NA 19.2 19.2 5.6 30.4 60.9 7.9 32.3 NA NA NA NA NA NA 42.9 NA 18.2 NA 6.4
84.5 NA 112.9 51.7 62.1 73.9 92.4 34.2 14.7 NA NA NA NA NA NA 59.5 NA 39.8 NA 100.6
36.2 NA 48 59.4 21.8 21.1 40.2 25.2 0 NA NA NA NA NA NA 39.9 NA 0 NA 3.2
85.9 NA 6.8 6 23.2 29.4 21.5 10.2 23.9 NA NA NA NA NA NA 4.6 NA 22.4 NA 9.1
17.5 NA 20.4 9 46.7 38.4 142 42.9 56.6 NA NA NA NA NA NA 40.9 NA 16 NA 22
95.2 NA 59.7 NA 68 43.7 91.9 29.5 6.4 NA NA NA NA NA NA 67.8 NA 66.3 NA 38.3
122.8 NA 52.4 86.2 54.7 67.6 328.3 29.5 60.5 NA NA NA NA NA NA 38.9 NA 83.8 NA 100.5
18.8 NA 23.5 14.1 50.6 33.8 85.1 16.2 24.9 NA NA NA NA NA NA 5 NA 11.8 NA 4.1
36.6 NA 22.2 29.5 30.9 53.7 305 68.2 32.4 NA NA NA NA NA NA 28.9 NA 39.4 NA 84.4
44.3 NA 56.9 37.3 62.1 65.7 124.3 33.4 82.4 NA NA NA NA NA NA 15 NA 92.7 NA 82.7
51.4 NA 69.8 53.8 33.2 42.4 77.2 15.8 24.7 NA NA NA NA NA NA 90 NA 74.9 NA 59.1
24.5 NA 35.8 11.3 37.8 9.8 20.6 51.7 55.4 NA NA NA 33.9 NA NA 19.5 NA 20 NA 34.3
6.8 NA 26.3 5.5 8.8 16.4 185.1 22.3 51.9 NA NA NA 14.9 NA NA 16.8 NA 5.2 NA 0.5
4.1 NA 35.1 19.2 12.6 11.3 49.8 0 5.7 NA NA NA 50.7 NA NA 2 NA 78.6 NA 3.6
0 NA 52.8 68.1 22.6 13.3 13.3 NA 0 NA NA NA 17.3 NA NA 0 NA 54.5 NA 17.2
180 NA 138.4 80.3 126.5 54.1 148 82.2 28.1 NA NA NA 87.1 NA NA 105.7 NA 164.7 NA 88.3
113 NA 152.2 70.3 221.1 149.2 447.7 95.4 146 NA NA NA 220.8 NA NA 139.8 NA 186.2 NA 147.7
175.8 NA 153.9 100 153.1 206 485.2 156.3 247.5 NA NA NA 72.5 NA NA 285 NA 179.8 NA 99.7
62.6 NA 55.1 38.9 121.5 22.3 117.1 49.4 74.8 NA NA NA 62 NA NA 63.8 NA 59 NA 87.3
40.1 NA 34 22.8 14.7 63.3 316.7 13.5 18.5 NA NA NA 21.5 NA NA 17.5 NA 57.6 NA 46.1
0 NA 0 0 2.2 3.2 10.2 0 2.5 NA NA NA 5.3 NA NA 0.5 NA 0 NA 0
17.7 NA 16.4 2 3.8 7.9 21.6 1.5 15.8 NA NA NA 5.3 NA NA 14.5 NA 12.7 NA 11.4
39.8 NA 130.3 65.8 56.5 62.4 80.6 11 54.5 NA NA NA 82.5 NA NA 46.6 NA 78.1 NA 57.7
65.5 NA 36.1 24.4 54.6 29.1 51.8 49.1 41.3 NA NA NA 26.6 NA NA 17.1 NA 11.1 NA 20.7
17.8 NA 35.6 11.7 25.6 60.1 226.1 17.4 46 NA NA NA 10.4 NA NA 18.9 NA 12.9 NA 11.7
49.2 NA 4.6 39.7 12.6 175.8 171.5 1.2 60.2 NA NA NA 39 NA NA 13.4 NA 17.8 NA 19.1
131.3 NA 162.6 206.6 61.5 157.2 217.1 67.8 55.1 NA NA NA 164.9 NA NA 220.3 NA 402.5 NA 191.5
242.4 NA 16.2 91.6 86.9 77.2 91.2 72.4 116 NA NA NA 89.1 NA NA 75.1 NA 77.4 NA 90.4
23.9 NA 78.2 50.1 23 14.7 74.1 44.7 32.2 NA NA NA 50.8 NA NA 39.8 NA 105.9 NA 55
54.1 NA 68.8 18.2 83.8 106 178.6 89.2 107.5 NA NA NA 60.5 NA NA 44.6 NA 62 NA 31.8
87.1 NA 71.7 39.9 NA 27.6 145.6 31.6 58.4 NA NA NA 69.4 NA NA 87.2 NA 98.3 NA 62
101.6 NA 115.9 88.2 136 197.2 440.2 16.6 40 NA NA NA 172 NA NA 113.8 NA 66 NA 83.1
1.4 NA 0 0.4 0 1.3 4.9 0 0 NA NA NA 2.8 NA NA 0 NA 0 NA 0
0 NA 0 0 0 NA 20.8 0 0 NA NA NA 2.1 NA NA 0 NA 0 NA 0
12.7 NA 70.8 23.1 10 14.1 38.8 6.5 10.1 NA NA NA 42.9 NA NA 15.7 NA 100.8 NA 40.5
26.2 NA 7.5 9.8 6 4.7 6.8 3 5.1 NA NA NA 9.4 NA NA 9.2 NA 4.2 NA 10.5
5.5 NA 8.8 10.1 15.8 8.8 15.2 28 40.9 NA NA NA 15.3 NA NA 8.6 NA 20.8 NA 9.4
0 NA 0 0.8 18 0 76 0 0 NA NA NA 3.9 NA NA 0.6 NA 0 NA 0.1
114.8 NA 274.1 142.8 46.2 145.8 296.6 201.7 35.4 NA NA NA 157.5 NA NA 83.9 NA NA NA 195.4
9.7 NA 9.5 5.8 0 0 5.7 16.2 2.5 0 NA NA 4.3 NA NA 1.3 NA NA NA 1.9
160.7 NA 263.4 134.9 315.6 147.2 369.7 73 146.5 124.5 NA NA 315.5 NA NA 66.4 NA NA NA 163.1
106.5 NA 162.2 31.3 82.4 81.2 74.5 49.5 25.3 43.4 NA NA 94.3 NA NA 138.1 NA NA NA 39.1
15.7 NA 22.1 25.7 8.1 12.8 38.5 15.8 4.8 3 NA NA 18.6 NA NA 4.4 NA NA NA 24.3
38.4 NA 64.7 58 60.4 159.9 256.7 22.3 46.8 27 NA NA 84.9 NA NA 71.4 NA NA NA 59.1
25.7 NA 42.1 11.8 29.1 19.8 172.4 29.7 32 35.8 NA NA 45.1 NA NA 39.8 NA NA NA NA
18.6 NA 5.5 6.9 21.7 9.7 13.4 1.7 11.8 6 NA NA 14.7 NA NA 6.5 NA NA NA NA
17.5 NA NA 35.8 47.1 64.3 81.8 6.5 23.3 25.6 NA NA 59.4 NA NA 4.7 NA NA NA NA
0 NA 0.1 0 0.1 0 1 0 0.2 0 NA NA 0 NA NA 0 NA NA NA NA
89.6 NA 55.1 44.5 57.2 41.1 235.2 79.6 83 88.4 NA NA 45.6 NA NA 50 NA NA NA NA
0 NA 0 0 0 0 0 0 0 0 NA NA 0 NA NA 0.2 NA NA NA NA
7.4 NA 46.6 40.7 9.9 0 2.2 0 0 6.3 NA NA 3.7 NA NA 25.8 NA NA NA NA
51.1 NA 19.4 20.8 17.4 47.6 91.7 43.2 31.5 46.7 NA NA 20.6 NA NA 47.2 NA NA NA NA
100.9 NA 81.8 51.7 115.6 43.2 256.8 60.6 181.8 NA NA NA 160.5 NA NA 50.1 NA NA NA NA
11.6 NA 4.2 3.2 13.7 14.5 28.1 45.7 30.2 20 NA NA 0 NA NA 16 NA NA NA NA
218.2 NA 233 229.6 288.6 145.9 860.5 146.8 185.5 112.9 NA NA 265.1 NA NA 118.9 NA NA NA NA
24.8 NA 60.8 32.5 37.6 62.8 297.5 15.6 33.2 63.4 NA NA 36.2 NA NA 65.5 NA NA NA NA
13 NA 0.5 7.5 7.6 14.6 48 11.4 6.3 6.9 NA NA 38.1 NA NA 3.6 NA NA NA NA
102.8 NA 83.2 39.1 59.8 66.1 273.5 44.2 98 46.1 NA NA 74.1 NA NA 92.3 NA NA NA NA
3 NA 18.9 12.6 8.9 14.7 25.5 3.5 7 12.2 NA NA 10.2 NA NA 11.4 NA NA NA NA
26.4 NA 18.2 5.7 5 5.9 28.2 17.4 10.9 23.4 NA NA 10.3 NA NA 9 NA NA NA NA
0 NA 0 4.7 0.4 1.5 1.1 0 5.2 23.6 NA NA 2 NA NA 0 NA NA NA NA
0 NA 0.5 13.7 4.3 44.3 30.8 0 0 0 NA NA 3.7 NA NA 15.5 NA NA NA NA
0 NA 58.3 0 4.4 0 16.6 13.5 0 2.1 NA NA 0 NA NA 8.1 NA NA NA NA
27.1 NA 22.7 32.5 30.1 22.8 35.8 39.5 55.9 27.4 NA NA 12.4 NA NA 27.9 NA NA NA NA
72.5 NA 120.6 100 111.7 134.7 485.2 54.4 61.3 68.2 NA NA 137.8 NA NA 130 NA NA NA NA
127.9 NA 167.4 159.9 187.7 224.5 292.3 55.8 178.7 57.6 NA NA 144.4 NA NA 122.5 NA NA NA NA
149.3 NA 71.3 116 79.4 57.8 376 73.4 NA 34.2 NA NA 113.4 NA NA 43.6 NA NA NA NA
47.9 NA 60.8 64.8 52.8 148.6 125 35.3 44.8 49.3 NA NA 55.6 NA NA 85.9 NA NA NA NA
2.3 NA 11.3 6.1 10.8 15.4 26.1 2.2 8.7 5.2 NA NA 14.9 NA NA 8.8 NA NA NA NA
191.2 87.7 70.8 116 73.4 125.8 315.6 71 94.4 77.1 NA NA 74.7 NA NA 49.4 NA NA NA NA
0.5 16.8 30.5 20.7 2.7 15.7 36.3 4.3 5.4 8.5 NA NA 17.6 NA NA 11.5 NA NA NA NA
27.3 NA 36.6 25.7 31.3 31.5 55.4 16.9 40.1 23.6 NA NA 33.5 NA NA 43 NA NA NA NA
0 0 2.5 0 0 2.3 12.8 0.3 8.8 1.6 NA NA 3.4 NA NA 1.1 NA NA NA NA
0 0 0.6 24.5 0 0 0 0.2 1.8 0 NA NA 0 NA NA 0 NA NA 0 NA
2.1 0 0 0 0 0 26.8 0 0 10.9 NA NA 0 NA NA 0 NA NA 0 NA
82.4 25.9 12.3 22.5 22.2 9.1 30.1 26 43 47.7 NA NA 49.5 NA NA 31.3 NA NA 40.4 NA
76.9 140.9 91.6 55.6 113.2 106.1 281.9 60.8 44.4 37.4 NA NA 91.1 NA NA 45.6 NA NA 82.6 NA
161.7 316 214.7 70.4 199.8 219.6 210 105.4 91.6 74 NA NA 129.1 NA NA 270.6 NA NA 147.8 NA
58.5 45.1 47.1 39.3 31.7 27.1 85.4 26.8 26.9 NA NA NA 41.4 NA NA 31.8 NA NA 28.9 NA
64.5 91.8 72.8 56.8 77 133.4 344.9 18.8 48.7 55.4 NA NA 68.4 NA NA 111.1 NA NA 91.7 NA
6.8 16.7 19.6 3.2 11.4 6.7 32.4 14.1 10.5 6.9 NA NA 26.7 NA NA 2.3 NA NA 13.6 NA
107.5 70.2 48.3 76.7 91.3 36.1 146.7 20.7 51.4 67.2 NA NA 67.3 NA NA 46.3 NA NA 43.3 NA
79 237.9 305.9 242.7 225.1 131.6 268.3 71.8 159.5 50.5 NA NA 242.2 NA NA 155.4 NA NA 177.2 NA
16.6 9.2 3.1 4.6 14 4.5 5.4 2.3 NA 5.4 NA NA 6.1 NA NA 12.5 NA NA 1.1 NA
64.8 16.2 10.1 49.8 6.4 31 134.2 75 30.9 39.8 NA NA 13.9 NA NA 11.3 NA NA 13.7 NA
36.1 2.6 7.5 11.9 0 0 68.2 2.2 15.1 0 NA NA 83.8 NA NA 82 NA NA 15.6 NA
94.5 176.1 226.5 282.7 51.1 100.6 130 224.1 58.1 61.8 NA NA 125.7 NA NA NA NA NA 82.7 NA
59.8 16.2 9 44.2 19 8.5 47.7 25.9 49.3 42.4 NA NA 36.2 NA NA NA NA NA 38.2 NA
87.4 149.7 189.9 69.2 175.3 78 278.1 126.4 151 66.9 NA NA 92 NA NA NA NA NA 92 NA
148.6 58.6 78.2 38.8 106 114.4 NA 34.5 113.4 69.9 NA NA 85.2 NA NA NA NA NA 133 NA
69.9 111.1 49.3 73.5 54.1 64.3 468 49.7 74.8 17.5 NA NA 88.9 NA NA NA NA NA 37.1 NA
40.1 29.6 30.5 30.3 35 68.3 72.8 5.6 7.9 36.8 NA NA 24.1 NA NA NA NA NA 20.3 NA
24 68.4 64.1 23.8 55.4 54.7 188.5 33.7 12.7 12.6 NA NA 107.1 NA NA NA NA NA 26.4 NA
96.1 67.7 57.2 46.9 83.7 46.9 212.8 27.8 36.5 22.2 NA NA 57.2 NA NA NA NA NA 29.1 NA
9.8 7.2 23.3 42.5 10.5 23.6 30.3 4.8 6.4 14.8 NA NA 48.6 NA NA NA NA NA 6.4 NA
15.6 2 6.4 3.1 1.7 2.3 11.8 3.1 7.6 7.7 NA NA 2.6 NA NA NA NA NA 5.2 NA
87.7 34.2 37 44.4 36.1 12.5 74.6 171 156.2 107.4 NA NA 87.4 NA NA NA NA NA 248.5 NA
0 0 7.1 0 1.7 19.5 7.8 0 0 0.1 NA NA 0 NA NA NA NA NA 1.2 NA
11.3 65.8 103.7 91.2 8.9 74.2 52 11.1 21.5 5.4 NA NA 32.4 NA NA NA NA NA 12.8 NA
276.7 88.1 91.3 135.2 211.2 149.1 240.7 57.1 112.1 76.4 NA NA 221.7 NA NA NA NA NA 162.5 NA
388.4 327.3 603.3 335.8 467.1 307.6 1019.8 258.8 350.3 353.4 NA NA 357.4 NA NA NA NA NA 248.5 NA
43.9 168.3 89 8.6 96.5 44.8 46.8 25 0 35.4 NA NA 23.8 NA NA NA NA NA 34 NA
68.2 56.6 58.4 62 98.4 26 190.9 43 69 32.9 NA NA 99.6 NA NA NA NA NA 51.2 NA
88.2 43.2 38.2 NA 56.2 148.7 369 47.4 48.5 61 NA NA 111.3 NA NA NA NA NA 64 NA
8.5 5.1 7.3 19 6.9 12.4 31.5 10.7 9.9 6.3 NA NA 37.2 NA NA NA NA NA 10.2 NA
94.3 29.6 48.4 42.7 42.4 45.4 181.6 25 60.8 119.4 NA NA 47 NA NA NA NA NA 52.5 NA
3.5 20.4 47.4 21.5 29.8 NA 5.5 0.3 0 8.6 NA NA 37.1 NA NA NA NA NA 1.5 NA
25.5 13 9.9 20.8 21.6 32.9 35.5 24.5 11.5 11.8 NA NA 25.9 NA NA NA NA NA 48.4 NA
0 10.7 5.1 19.6 17.1 29.7 100.7 34.1 22.5 14.6 NA NA 18.9 NA NA NA NA NA 23.5 NA
109.4 59.1 86.5 10.6 94.3 55.3 122.1 16 22 0.1 NA NA 85.5 NA NA NA NA NA 42.2 NA
13.4 15.8 0 24.2 0 16.6 NA 0 0 0 NA NA 2.8 NA NA NA NA NA 0 NA
58.5 16.7 25.2 68.4 45.8 74.4 103.2 12.3 9.4 17 NA NA 62.3 NA NA NA NA NA 27.8 NA
113.1 64.1 84.1 65.4 75.6 NA 292.5 139 235.2 54.6 NA NA 140.7 NA NA NA NA NA 122.3 NA
89.7 90.2 133.5 19.7 80.4 28.7 101.3 31.9 57.1 96.3 NA NA 84.3 NA NA NA NA NA 102.7 NA
19.4 0 11.6 15.2 19.3 6.4 53.3 4.7 10.6 8 NA NA 7.8 NA NA NA NA NA 1.6 NA
15.1 18.5 46.6 18.5 48.9 25 95.9 1.7 5.8 42.4 NA NA 63.6 NA NA NA NA NA 0 NA
35.4 55.3 56.8 15.2 37 39.6 76.1 70.7 28.6 23.4 NA NA 50.4 NA NA NA NA NA 31.9 NA
190.7 52.1 46.4 102 60.8 73.3 261.3 34.5 78.7 73.9 NA NA 89.4 NA NA NA NA NA 102.6 NA
10.5 41.3 67.8 28.3 31.6 34.9 52.8 4.8 14.2 19.7 NA NA 39.7 NA NA NA NA NA 20.9 NA
4.3 2.4 4.4 7.4 4.8 4.7 4.8 3.9 2.9 3.6 NA NA 7.4 NA NA NA NA NA 3.2 NA
0 22.6 26.6 0 4.9 5.8 6.1 0 0 8.5 NA NA 4.8 NA NA NA NA NA 0 NA
6.5 9.4 0.3 5.7 10 60.8 79.5 0 0 0 NA NA 32.6 NA NA NA 5.4 NA 0 NA
16.4 49.3 92.4 19.5 18.1 47.1 81.2 70.1 10.5 14.7 NA NA 42.7 NA NA NA 76.4 NA 39 NA
50.7 4.9 5.8 9.5 18.5 0.4 48.2 19.3 37.9 25.2 NA NA 11.1 NA NA NA 20.3 NA 26.6 NA
142.1 244.8 268 152.2 275.8 69.2 253.1 123.6 131.1 63.4 NA NA 193.3 NA NA NA 173.9 NA 104.9 NA
43.2 142.4 129.6 41.8 76 97.6 74.4 41.2 35.9 60.3 NA NA 98.4 NA NA NA 90.4 NA 76 NA
27 32.7 16.6 41.6 28.1 35.7 244.2 25.9 14.2 10 NA NA 61.5 NA NA NA 21 NA 44.3 NA
33.8 22.1 39.2 16.7 11.2 64 242.3 25.9 57.8 27.1 NA NA 42.6 NA NA NA 31.7 NA 109.3 NA
38.7 25.7 24 33 23.5 20.8 104.4 14.8 5.4 5.6 NA NA 106.5 NA NA NA 10.9 NA 15.8 NA
147.3 65 91.3 64.4 64.5 83.1 230.5 53.5 91.2 125.4 NA NA 88.5 NA NA NA 71 NA 137.8 NA
34.5 43.1 54.5 30.3 46.9 16.4 30.2 18.6 41.9 71.1 NA NA 43.9 NA NA NA 40.9 NA 39.5 NA
3.2 1.7 4.3 2.4 10.7 4.8 10.9 6.6 6.7 NA NA NA 8.3 NA NA NA 2.3 NA 9.9 NA
0 0 0.8 4 1.6 0 2.7 0.6 4 0 NA NA 5.5 NA NA NA 2.4 NA 21.6 NA
NA 1.2 0 37 0 28.8 40.1 0 0 9.8 NA NA 53.8 NA NA NA 0 NA 0 NA
0 0 0 0 2.5 6.8 19.6 11.8 0 0 NA NA 1.3 NA NA NA 0 NA 0 NA
143 57.2 74.1 NA 146.3 64.5 74.2 94.4 54.4 85.8 NA NA 257.5 NA NA NA 90.5 NA 201.3 NA
165.3 92.5 66.9 NA 152.1 141.7 229 91.6 168.4 75.8 NA NA 169.9 NA NA NA 113.7 NA 92.1 NA
289.5 188.8 141.8 93 207.6 174.6 447.8 75.8 236.4 147.8 NA NA 184.6 NA NA NA 167.7 NA 176.6 NA
79.3 66.3 61.1 57.4 69.3 46.2 507.4 NA 34.4 28.2 NA NA 103.7 NA NA NA 48.2 NA 65.6 NA
52.5 29.9 53.5 83.2 77.2 143 210.4 25.8 30.4 90.4 NA NA 114 NA NA NA 35.4 NA 138.6 NA
0 7.3 1.3 0 0.2 8 18 0.9 2.3 0.1 NA NA 7.9 NA NA NA 3 NA 0 NA
32 5.7 11.6 0 10.7 25.9 265.6 15.6 27.6 10.2 NA NA 9.4 NA NA NA 10.8 NA 32.7 NA
38.4 24.7 96.5 65.4 65 64.4 115.9 15.8 29.5 32.2 NA NA 130.5 NA NA NA 32.7 NA 49.1 NA
20.6 24.2 21.1 14.8 31.4 16 27.3 29.4 40.7 27.8 NA NA 14.1 NA NA NA 17 NA 33.7 NA
67.9 27.8 40.7 21.5 8.9 43.9 105.8 44.5 94.3 122.1 NA NA 34.4 NA NA NA 66.7 NA 74.4 NA
4 17.8 1.5 17.6 8.3 0 0 5 0 7.2 NA NA 35.3 NA NA NA 26.2 NA 53.4 NA
99.1 91 333.2 189.3 47.2 151.7 260.5 82.6 62.8 99.5 NA NA 90.1 NA NA NA 234.5 NA 139.8 NA
207.8 76.9 63.3 125.6 67.8 51.2 50.9 67.3 88.3 88 NA NA 121.1 NA NA NA 41.8 NA 118.2 NA
26.1 36.5 22.1 29.3 53.2 21.1 79.8 29.1 12.8 14.3 NA NA 75.3 NA NA NA 66.3 NA 9.6 NA
68.7 95.1 153.9 26 84.8 79.5 254.5 66.2 157.3 54.6 NA NA 48.2 NA NA NA 137 NA 118 NA
96.9 43.7 93.1 38.9 58.4 47.5 199.2 26.4 60 20.1 NA NA 79.5 NA NA NA 52.2 NA 66.4 NA
29.4 35.9 50.5 29.2 33.4 35.8 120.2 6.6 NA 36.4 NA NA 32 NA NA NA 20.6 NA 17.3 NA
68.9 58.3 62.5 53.3 85.8 58.7 228.6 57 35.1 36.7 NA NA 154.5 NA NA NA 60.5 NA 124.5 NA
13.6 0 8.1 9.5 3.6 9.6 95.1 15.7 31.7 0 NA NA 15.6 NA NA NA 5 NA 54.2 NA
35.8 24.1 100.4 26.2 27.4 55.7 70.2 13.4 63.1 39.9 NA NA 50.9 NA NA NA 41.1 NA 25.5 NA
4.7 0.5 6 1.9 NA 4.3 7.2 3 1.8 4.5 NA NA 4.3 NA NA NA 5.5 NA 6.5 NA
5.8 0 0 4.2 1.8 NA 0.3 0 0 5.8 NA NA 3.6 NA NA NA 0 NA 0 NA
1.9 0 0 2.1 0 0 59.3 0 0 0.5 NA NA 0.3 NA NA NA 0 NA 1.1 NA
23.6 50.3 115.5 47 4.6 24.4 31.6 53.7 31.9 5.4 NA NA 20.4 NA NA NA 24.2 NA 7.2 NA
63.9 25 24.8 31.4 80.7 24.6 46.7 22.4 4.3 54.5 NA NA 70.1 NA NA NA 17.8 NA 138.5 NA
107.1 60.4 149.3 146.9 156.1 94.8 402.7 114.2 303.7 90.4 NA NA 197.2 NA NA NA 100.1 NA 239.6 NA
64.9 268.8 265.9 86.4 183.5 113.2 256.1 106.4 125.4 83.2 NA NA 129.8 NA NA NA 133.7 NA 201.4 NA
13.1 0 6 9.8 23.8 3.3 10.3 7.4 4.7 2.6 NA NA 4.3 NA NA NA 0 NA 11.6 NA
0.2 7 4 7.3 10.7 10.2 25.8 6.5 10.6 16 NA NA 0 NA NA NA 7.6 NA 4.4 NA
59.5 NA 44 31.1 58.7 77.7 232.2 67.8 53.1 31.3 NA NA 83.8 NA NA NA 39.7 NA 75.4 NA
44.8 36.6 34.7 23.5 59.6 52.1 195.9 22.5 43.5 24.5 NA NA 39.1 NA NA NA 52.8 NA 125.7 NA
51.1 33 120.3 81.5 22.6 30.3 83.1 14.6 32.1 29.8 NA NA 47.3 NA NA NA 66.4 NA 63.4 NA
66.6 NA 59.7 45.9 45 20 39.1 42.7 41.4 26.3 NA NA 55.5 NA NA NA 27.3 NA 69.4 NA
63.6 12.8 17.7 21.3 1.7 26.5 24.7 20.6 NA 35.8 NA NA 15.4 NA NA NA 17.2 NA 108.7 NA
44 1.9 17 7.9 58 0.2 94.2 0 5 0 NA NA 52.1 NA NA NA 0 NA 27.7 NA
0 0 0 0 1.1 29.4 3.7 0 0 0 NA NA 0 NA NA NA 0 NA 0 NA
112.6 133.2 70.8 117.8 132.8 157.5 183.9 128.7 100.8 56 NA NA 298.7 NA NA NA 50.6 NA 86.2 NA
60.7 187.4 173.3 143.1 300.8 129.5 243.4 129.4 171.3 107.4 NA NA 183.7 NA NA NA 160.6 NA 255.8 NA
359.8 294.3 244.6 176.2 270.7 285.9 735.5 183 286.5 114 NA NA 251.9 NA NA NA 229.3 NA 352.5 NA
32 51 63.7 40.6 NA 49.4 253.8 31.2 41.6 14.9 NA NA 105.9 NA NA NA 46.4 NA 37.5 NA
51.3 46.8 66.4 34.1 56 49 356.8 30.2 78.8 54.4 NA NA 45.2 NA NA NA 45 NA 54.7 NA
12.8 7.5 9.6 3.3 4 13.4 18.2 0.9 1.9 1.4 NA NA 29 NA NA NA 7.7 NA 5.8 NA
23.2 2.5 11.2 12.5 1 24.1 129.1 3.2 9.1 34.6 NA 24.8 13.7 NA NA NA 5 NA 17.9 NA
19.5 12.7 49.8 22.6 22.5 47.9 85 3.4 7.4 19 NA 22.7 31.3 NA NA NA 33.9 NA 12.4 NA
7.4 0.1 NA 1.3 0.3 1.5 NA 2.4 3.2 2.1 NA 2 1.1 NA NA NA 0 NA 1.4 NA
5 16 8.1 5.2 21.1 23.3 105.3 49.2 65.7 57.6 NA 5.1 13.2 NA NA NA 18.1 NA 88.3 NA
16.9 0 3.6 0.8 0 22.7 0 0 0 50.4 NA 0 6.7 NA NA NA 0.3 NA 0 NA
32.5 78.8 256.7 158.9 70.4 96.4 84.2 20.7 9.7 26.5 NA 265.1 45 NA NA NA 106.2 NA 51.8 NA
25.1 19.6 5.7 25.3 37.8 15.2 19 28.6 21.9 12.4 NA 21.3 30.5 NA NA NA 14.7 NA 32.7 NA
102.3 59 37.7 70.9 67.3 73.9 246.6 27.1 78.8 76.1 NA 174.9 116.4 NA NA NA 51.9 NA 46.1 NA
82.3 156.8 83.4 66.1 108.6 115.6 207.8 44.7 103.8 NA NA 221.3 151.1 NA NA NA 87.7 NA 138 NA
70.7 156.9 106.6 107 118.4 63.5 596.9 52.6 57.6 49 NA 177.8 140.8 NA NA NA 74.5 NA 60.8 NA
90.1 42.2 55.7 38.4 40.4 54.9 283.9 39.1 52.5 99.9 NA 86.2 105.5 NA NA NA 51.5 NA 75.1 NA
67.8 87.3 66.3 47.7 68.4 80.4 259.8 61.7 49.5 25.4 NA 89.7 209.2 NA NA NA 58.9 NA 65.9 NA
100 50.8 35.2 64.7 50.1 98.3 358.9 20.7 73.3 42.5 NA 109.7 76.7 NA NA NA 43.1 NA 104 NA
0.9 7.7 8.5 7 1.8 4.5 1.6 1.7 1.3 NA NA 19.9 12.5 NA NA NA 0 NA 5.8 NA
0.2 0.6 2.5 0.5 1 0.8 1.4 0.7 1.1 1.5 NA 0 3.5 NA NA NA 3.9 NA 5.6 NA
6.3 7.8 6 19.8 15 15 55.5 32.3 29.2 0.7 NA 32.8 17.6 NA NA NA 10.1 NA 42.8 NA
0 0 11.7 2.5 12.8 3.9 41.3 0 0 0 NA 0 0 NA NA NA 0 NA 0 NA
137 143.4 239.8 201.9 41.1 134.7 166.4 54.9 27.1 52.4 NA 224.5 159.2 NA NA NA 144.6 NA 88.7 NA
174.9 45.5 23.6 23.1 86.5 38.3 88.7 124.9 38.9 138.6 NA 38.7 63.9 NA NA NA 23.8 NA 174.7 NA
26 24.3 55.8 37.5 19.7 13.8 75 14.3 62 28.9 NA 58.8 69.1 NA NA NA 38.1 NA 43.5 NA
82.6 57.5 51.1 31.5 93.3 50.8 77.5 53.6 122.4 56.9 NA 99.9 51.3 NA NA NA 27.7 NA 21.2 NA
6 0 8.4 8 0 1 16.5 0 0.6 0 NA 0 11.9 NA NA NA 0 NA 0 NA
53.2 51.4 80.7 90.5 104.6 155.6 681 29.1 NA 71.3 NA 144.7 155.6 NA NA NA 41.2 NA 223.3 NA
23.6 27.5 34.2 15.8 25.4 13.2 41.4 11 10.9 11.3 NA 31.2 63.9 NA NA NA 32.1 NA 25.3 NA
149.7 60.2 55.6 49.4 52.2 75.5 256.4 64.1 118 74.4 NA 145 62.3 NA NA NA 55.5 NA 192.7 NA
51.3 100.5 149.6 119.2 130.2 76.3 156 26.7 94.7 54 NA 103.4 211.1 NA NA NA 143.1 NA 63.6 NA
46.7 12.9 19.4 28.5 31.1 26.5 31.6 13.6 18.1 23.4 NA 42.5 20.5 NA NA NA 15.3 NA 20.9 NA
5.6 6.2 7 4.4 4.6 1.8 9.1 18.2 2 4.9 NA 6.3 19.1 NA NA NA 7.8 NA 57.6 NA
0 0.1 0.4 17.7 11.8 41 41.8 7.5 14.8 2.3 NA 8.3 11.4 NA NA NA 7.7 NA 0.1 NA
47.8 59.8 58.8 130 37.2 54.9 103.8 69.9 20.1 25.2 NA 145.9 95.2 NA NA NA 59.8 NA 12.7 NA
71.7 50.1 25.6 51 44.2 21.1 36.3 21.8 28.8 43 NA 41.3 43 NA NA NA 33.3 NA 81.3 NA
233.6 257.4 366.7 232 290.9 92.8 540.9 242.4 208.6 132.6 NA 630 428.5 NA NA NA 297.8 NA 313.8 NA
148.6 116.1 100.2 38.9 46.3 75.2 248.5 106.3 164 55.5 NA 116.2 69.3 NA NA NA 78.9 NA 428.7 NA
33.5 75.6 54 65 57.1 9.6 26.7 8.8 20.9 19.9 NA 42.5 48.7 NA NA NA 37.5 NA 8 NA
14.9 18.9 18.5 15.2 14.7 33.3 19.3 2.5 7.8 28 NA 41.8 18.5 NA NA NA 14.8 NA 27.5 NA
90.5 175.6 111.3 76 85.5 107.3 484.3 130.4 55.8 70.3 NA 117.6 272.2 NA NA NA 63.9 NA 101.9 NA
261.2 73 57.5 60.5 46.1 96.9 318.6 70.2 88.5 133.8 NA 118.4 92.9 NA NA NA 77.5 NA 193.3 NA
69.7 129.7 163.8 181.9 150.5 88.1 138.5 30.2 55.7 95.3 NA 163.5 196.8 NA NA NA 80.8 NA 118.3 NA
1 0 1.2 2.5 1.8 1.8 5 1.3 0.7 0.5 NA 0.6 4.3 NA NA NA 0 NA 5 NA
NA 0 0 0 0 0 1.7 0 0 0 NA 0 0.4 NA NA NA 0 NA 4.9 NA
76.4 5.5 3 79.8 24.6 51.8 145.1 0 0.1 26.5 NA 0 48.6 NA NA NA 7.1 NA 103.7 NA
2.1 25.6 81 64.5 15 53.5 10.9 7.9 21.9 10.9 NA 39.7 14.1 NA NA NA 65.8 NA 10.5 NA
50.2 16.6 1.8 12.9 27.1 8.6 12.5 0 21.9 33.3 NA 36.3 28.6 NA NA NA 10.4 NA 27.5 NA
97.5 281.6 251.7 98 199.4 109.9 494.4 97.7 198.7 95.1 NA 274.9 116.3 NA NA NA 221.9 NA 214.9 NA
37 50.7 36 16.4 20 30.5 63.5 67.7 126.2 31.5 NA 83.6 27.7 NA NA NA 23 NA 65.1 NA
14.2 3.2 11 24.8 27.2 7.4 14.4 12.5 4.6 0.1 NA 31.3 20.1 NA NA NA 4.2 NA 0 NA
31.7 19.1 21.8 17.4 20.3 54.8 118 14.3 17.8 23.8 NA 29.6 15.3 NA NA NA 10.1 NA 46 NA
34 46.7 24 17.6 43.8 25.2 138.7 38 22.3 16.6 NA 44.1 53 NA NA NA 29.7 NA 52.7 NA
143 55.2 37.4 42 46.4 67.2 99.3 43.7 65.5 52.8 NA 64.7 45.6 NA NA NA 57.7 NA 138.3 NA
5.2 33.2 36.9 24.2 9.1 24.2 48.9 2.2 6.7 2.8 NA 22.5 23.4 NA NA NA 33.5 NA 10 NA
25.4 6.4 28.9 23.3 15.3 20.6 48 15.1 21.9 31.3 NA 33.1 21.7 NA NA NA 23.2 NA 41.5 NA
0.4 6.7 18.3 8 10.2 29.2 29.6 3.2 30.7 29.3 NA 18.7 5.9 NA NA NA 9.3 NA 13.2 NA
0 1.4 0.1 0 0 3.7 3.9 0 0 0 NA 0 0 NA NA NA 1.4 NA 0 NA
6.5 24.2 44.5 78.1 8 64.3 43 62 55.1 8.7 NA 104.8 44 NA NA NA 60.5 NA 75.4 NA
62.2 44.8 11 38.5 48.7 23.3 27.5 4.1 4.2 12.2 NA 63.9 48.1 NA NA NA 56.6 NA 66.2 NA
29.5 28 61.7 35.6 56 42.6 158.4 27.5 56.5 34.5 NA 126 62.6 NA NA NA 55.6 NA 19.2 NA
131 66.6 110.3 49.8 89.8 91 242.5 60.2 90.2 90.7 NA 122.9 NA NA NA NA 67.7 NA 93.1 NA
24.9 23.9 50.8 18.2 54.3 10.5 92.1 24.5 35.7 20.3 NA 87.7 NA NA NA NA 37 NA 10.9 NA
30 50.9 43.3 57.3 58.4 37.9 242.1 12.1 28.1 58.7 NA 98 NA NA NA NA 29.4 NA 107.8 NA
2.1 NA 4.4 2.5 7.6 9.5 8.9 3.1 4.1 6.3 NA 6.5 NA NA NA NA 3.2 NA 6.2 NA
88 51.9 52.2 70.3 67.6 45.9 383.6 59.4 101.3 56.3 NA 75.9 NA NA NA NA 39.4 NA 115.1 NA
0.5 4.6 29.3 NA 0 7.3 53.5 5.5 5 8.7 NA 7.2 NA NA NA NA 20.8 NA 5.3 NA
15.8 11.7 16.9 NA 24.9 16.7 19.8 73.3 39.5 48.9 NA 20.3 NA NA NA NA 12.2 NA 25.5 NA
0.5 1.3 0.4 NA 0 0 0 3.8 0.1 7.1 NA 0 NA NA NA NA 0.8 NA 19.5 NA
0 0 0 NA 0 0 89.6 0.1 8.1 0 NA 0 NA NA NA NA 0 NA 12.7 NA
0 0 0 NA 0 NA 20 19 0 0 NA 0 NA NA NA NA 0 NA 0 NA
24.4 11 7.6 NA 42.5 38.3 36.9 1.3 29.1 28.3 NA 14.5 NA NA NA NA 42 NA 38.2 NA
58.7 156.6 112.5 NA 186.5 88.1 284.3 122.7 83.5 60.6 NA 254.6 NA NA NA NA 58.9 NA 113.6 NA
184 185.9 211.4 NA 165 198.7 402.5 95.2 162.2 137.2 NA 147.4 NA NA NA NA 134 NA 274.3 NA
57.1 123.3 91.2 NA 122.3 33 304.9 28.3 26.6 58.1 NA 60.2 NA NA NA NA 74.2 NA 31.3 NA
0 5.2 0 NA 0 0.9 15.3 0 0 0 NA 0 NA NA NA NA 2.4 NA 0 NA
5.5 NA 6.6 NA 18.6 17.1 90.9 4.3 2.9 8.9 NA 13.2 NA NA NA NA 4.5 NA 6.3 NA
114 19.8 18.6 NA 20.2 85.7 215.3 12 44.1 27.1 NA 90.1 NA NA NA NA 18.5 NA 206.9 NA
0 1.4 0 NA 0 0.5 0 0 0 4.4 NA 0 NA NA NA NA 0 NA 0 NA
5.6 0.2 0.2 NA 1 4 8.4 0 0.6 6 NA 0.4 NA NA NA NA 1 NA 1.1 NA
0.9 1.3 0 NA 0 3.9 0.9 0 0 2.2 NA 0 NA NA NA NA 0 NA 0 NA
0 0 0 NA 0 0 0 0.8 0 0 NA 0 NA NA NA NA 0 NA 0 NA
167.8 114.4 275.7 NA 26.1 77 124.5 144 42 61.6 NA 274.5 NA NA NA NA 273.7 NA 70.1 NA
61.7 22.8 38.9 NA 3.4 30.6 17.8 8 10.9 18.6 NA 22.7 NA NA NA NA 37.9 NA 118.2 NA
51.2 22.3 33.7 NA 21.9 12 53 12.8 32.8 19.4 NA 22.2 NA NA NA NA 20.3 NA 19.6 NA
32.3 66.4 39.8 NA 61.9 59.2 119.7 33.3 35.2 15.4 NA 98.7 NA NA NA NA 35.3 NA 0 NA
65.1 126.9 86.8 NA 97.3 42 443.5 34.7 33.6 11.8 NA 98.2 NA NA NA NA 61.3 NA 52.6 NA
178.1 53.8 107.1 NA 74.8 205.5 590.8 45.2 48.8 163.6 NA 211.1 NA NA NA NA 98.5 NA 182 NA
18.5 42.9 21 NA 22 17.1 74 37.6 11.2 7.6 NA 19.8 NA NA NA NA 10.9 NA 7 NA
37.5 35.8 44.2 NA 50.3 59.4 204.2 6.8 20 34.8 NA 105.7 NA NA NA NA 49.7 NA 50.9 NA
39.2 82.7 91.5 NA 102.1 72 112.6 16.1 43.5 43.4 NA 108.9 NA NA NA NA 101.3 NA 74.2 NA
0.5 0.9 2.7 NA 2.9 0.5 4.7 4.6 0 5.2 NA 1.8 NA NA NA NA 0.5 NA 0.4 NA
0 0.8 1.8 NA 2.5 4.4 3.8 0 0 1.4 NA 1.3 NA NA NA NA 0 NA 0.9 NA
2.2 9.2 0.4 NA 12.1 30.2 238.3 0.3 8.8 10.4 NA 88.7 NA NA NA NA 41.3 NA 0 NA
76.8 108.3 NA NA 27.8 68.9 99.9 58.3 49.9 45.6 NA 179.9 NA NA NA NA 184.8 NA 77.6 NA
31.6 39.8 13.6 NA 22.5 65.9 68.5 0 0 14.9 NA 37.5 NA NA NA NA 22.3 NA 104.7 NA
24.2 111.6 87 NA 36.2 9.5 91.3 92.8 82.5 37.8 NA 60.2 NA NA NA NA 88.8 NA 56.7 NA
78 63.1 97.2 NA 47.6 57.4 64.5 43.5 143.4 63.5 NA 80.1 NA NA NA NA 51.1 NA 136.1 NA
41.4 114.6 59.1 NA 100.3 26.2 183 35.3 34.1 26.2 NA 165.2 NA NA NA NA 74.7 NA 20.3 NA
4.5 32.2 35.3 NA 7.4 7.6 40.9 16.7 48.8 20 NA 16.1 NA NA NA NA 47.2 NA 31.2 NA
73.9 16.5 25.2 NA 19.7 33 81.2 37.1 25.3 13.8 NA 19.2 NA NA NA NA 43.8 NA 50 NA
31.4 33 37.4 NA 18.9 38.7 116.9 5.8 12.2 NA NA 60.8 NA NA NA NA 22.6 NA 27.9 NA
35.4 49.7 57.6 NA 55.5 28.9 72.1 10.3 37.4 20 NA 48.7 NA NA NA NA 83 NA 54.8 NA
17.8 8.9 4.8 NA 17.3 12.2 NA 21.7 18.8 9.6 NA 25.8 NA NA NA NA 5.9 NA 4.4 NA
29.7 12.2 12.7 NA 6.4 66.8 63.4 46.7 18.5 109.6 NA 29.8 NA NA NA NA NA NA 16.7 NA
0 2.4 0 NA 0 0 44.9 0 0 0 NA 0 NA NA NA NA NA NA 0 NA
70.5 90.5 197.7 NA 39.3 33.6 54.1 94.3 10.1 28.8 NA 156 NA NA NA NA NA NA 33.8 NA
20.2 9.8 3.9 NA 3.1 16.8 53.8 16.1 3.7 3.6 NA 4.2 NA NA NA NA NA NA 17.1 NA
4.2 10.5 17.2 NA 9.9 9.5 36 6.3 40.4 18.6 NA 11.8 NA NA NA NA NA NA 6.6 NA
67.5 278.1 132.2 NA 93 114.5 536.3 70.9 225 101.8 192.9 106.4 NA NA NA NA NA NA 205.7 NA
63.1 158.1 110.1 NA 152.5 90.9 468.5 51.6 68.1 31.8 41.5 152.1 NA NA NA NA NA NA 82.5 NA
13.2 17 10.4 NA 1.8 17.7 44.3 15.6 27.6 30.8 13 5.2 NA NA NA NA NA NA 54.4 NA
12.9 29 47.2 NA 24.6 37.9 118.9 21.7 11.2 11.2 16.3 15 NA NA NA NA NA NA 15.6 NA
18.9 9.9 13.2 NA 0 42.6 180.9 15.3 25.6 8.4 26.5 21.1 NA NA NA NA NA NA 38.6 NA
11.8 59 76.9 NA 31.1 18.7 36.7 17.4 52.3 23 17.2 26.6 NA NA NA NA NA NA 48.2 NA
25.8 2.6 1.3 NA 2.9 25.8 61.1 26.7 18.6 17.1 9.5 8.8 NA NA NA NA NA NA 25.9 NA
62.1 23.2 16.6 NA 15.5 39.2 127.6 53.5 86.4 50 20.6 13.4 NA NA NA NA NA NA 98.2 NA
0 0 16.4 NA 0 0 5.8 0.9 0 0 0 0 NA NA NA NA NA NA 1.5 NA
53.2 88.1 158.1 NA 24.4 90.3 129.5 95.5 36.2 58.2 50.6 52 NA NA NA NA NA NA 52.1 NA
17.4 NA 8.8 NA 10.2 5.2 NA 35.3 9.1 3.1 0 2.6 NA NA NA NA NA NA 54.4 NA
10.1 7.5 13.2 NA 0 7.1 40.9 4 0 8.2 10.7 8.8 NA NA NA NA NA NA 24.7 NA
155.7 273.7 135.4 NA 164.1 226.5 394.2 111.4 145.5 118.1 207 85.5 NA NA NA NA NA NA 190.8 NA
165 262.2 118.6 NA 198.3 85.2 742.6 40.6 58.5 52.4 29.1 257.7 NA NA NA NA NA NA 73.3 NA
94.7 45.3 63.7 NA 54.4 78.5 201.7 29 41.7 63.1 68 74.1 NA 26.5 NA NA NA NA 120.6 NA
0 24 15 NA 8.6 15.3 50.1 17.3 2.8 2.2 4 6.5 NA 3.7 NA NA NA NA 4.8 NA
173.8 91.2 77.9 NA 128.9 69.1 250.9 74.9 103.8 82.1 261.2 75.2 NA 65 NA NA NA NA 282 NA
4.6 15.1 61.2 NA 34.9 29.9 37.1 4.3 9.7 10.6 30 31.2 NA 4 NA NA NA NA 15.9 NA
3.1 0 0.6 NA 3.3 1.3 6.5 2.5 2.7 6.5 3 1.3 NA 5.5 NA NA NA NA 5.1 NA
36.9 NA 39.6 NA 14.7 29.6 42.6 62.7 24.5 95.7 24 6.9 NA 59.8 NA NA NA NA 112.4 NA
57.3 34.3 12.1 NA 24.8 30.1 46.7 0 23.2 1.2 19.4 53.4 NA 0 NA NA NA NA 10.6 NA
62.2 46.3 228.2 NA 20.8 94.4 130.9 58 61.7 54.8 42 95.2 NA 46.9 NA NA NA NA 84.1 NA
145.1 64.5 25.3 NA 41.2 50.5 44.8 89 42.4 80.7 35.5 18 NA 27.4 NA NA NA NA 82.7 NA
105.4 236.5 266.4 NA 218.8 83.5 441.9 137.9 NA 90.5 66.8 235.3 NA 173.2 NA NA NA NA 144.7 NA
9.1 16.4 17.4 NA 4.9 23.4 17.7 13.7 NA 10.9 12 11.7 NA 14.4 NA NA NA NA 10.7 NA
12.3 18 41.7 NA 16.9 14.4 105.7 9.4 12.7 3.3 2.1 14.3 NA 5.1 NA NA NA NA 10.2 NA
14.1 25.6 21.1 NA 23 42.3 191.7 5.5 18 38.3 13.9 21.5 NA 5.8 NA NA NA NA 40.3 NA
52.9 82.6 62.2 NA 44.2 79.6 163.7 58.8 34.2 52.3 24.4 30.7 NA 56.2 NA NA NA NA 36.5 NA
60.3 45.9 36.9 NA 59.8 22.6 73.5 31.4 61.7 93.5 119.6 35.3 NA 14 NA NA NA NA 64.2 NA
21.3 66.5 49.6 NA 25.1 25.5 71 10.2 16.6 56.2 48.1 33.4 NA 22.9 NA NA NA NA 27.9 NA
10.8 10 5.8 NA 22.1 21.7 32.7 55.4 30.2 9.1 5.1 6.8 NA 32.9 NA NA NA NA 36.1 NA
29.5 4.3 10.1 NA 0.9 20.6 36.3 20.2 28.6 81.9 9.6 4.1 NA 14.3 NA NA NA NA 11.6 NA
0.5 183.1 66.6 NA 55.3 NA 209.3 4.5 11.7 48.6 128.8 71.8 NA 5.6 NA NA NA NA 8.8 NA
30.4 130.1 77 NA 40.4 99.3 198.9 52.9 27.7 51.2 39.8 117.5 NA 38.2 NA NA NA NA 18 NA
22.2 36.1 26.4 NA 11.7 2.9 34.1 0.9 12.8 57.8 24.4 10.2 NA 3.9 NA NA NA NA 86.3 NA
15.7 23.2 63.6 NA 142.9 54.7 218.7 41.4 57.4 17.8 0 43.7 NA 31.9 NA NA NA NA 51.2 NA
178 280.1 147.1 NA 166.2 217.1 234.3 84.4 181.4 269.3 218.7 144.9 NA 227.7 NA NA NA NA 221.4 NA
155.4 209.2 178.8 NA 115.3 51.1 515.4 93 65 157.4 57 156.7 NA 41 NA NA NA NA 91.6 NA
0 2.2 0 NA 0 0 0 NA 0.3 0 0 0 NA 0 NA NA NA NA 0 NA
43.1 78 35.3 NA 39 37.5 208.6 35.3 21.8 19.7 20.4 11.5 NA 20.3 NA NA NA NA 35.1 NA
27.6 10 7.9 NA 10.5 10 11.5 0 11.6 12.2 62.8 0 NA 3.7 NA NA NA NA 37.8 NA
13.4 76.3 101.7 NA 75 64.9 77.6 24 26.2 86.4 46.4 36.6 NA 39.4 NA NA NA NA 89.6 NA
6.7 6.8 8 NA 17.3 2.9 3.8 6.2 5.1 1.7 2.9 6.3 NA 5.9 NA NA NA NA 11.9 NA
2 NA 0 NA 0.1 3.7 32.2 0 3.7 10.9 0.4 3.6 NA 0 NA NA NA NA 26.3 NA
0 0 0 NA 0 0 18.8 0.1 0 0 5.5 0 NA 0 NA NA NA NA 0 NA
13.6 0 46.2 NA 0 11.8 18 1.7 3.2 0 0 11.3 NA 4.9 NA NA NA NA 40 NA
135.6 13 28.2 NA 29.8 70 81.9 72.9 36.4 61.5 88.2 39.4 NA 62.7 NA NA NA NA 131.5 NA
82.7 NA 298.4 NA 134 84 391.6 128.2 130.4 139.4 168.8 212.6 NA 112 NA NA NA NA 126.7 NA
113.9 210.8 78 NA 93.2 194.5 258.6 76.4 98.6 85.5 120.4 130.5 NA 125.2 NA NA NA NA 140 NA
20.8 36 23.5 NA 27.5 4.2 62.9 13.4 11 6.3 8.4 32.1 NA 8.5 NA NA NA NA 11.5 NA
6 16.6 7.8 NA 7.2 16.7 53.6 1.6 15.6 3.6 9.5 3.2 NA 3.2 NA NA NA NA 12.1 NA
146.2 116.4 NA NA 131.2 103.7 424.5 94 75.8 127 56.4 47.7 NA 98.8 NA NA NA NA 180.6 NA
214.1 95 95.9 NA 212.3 202.9 780.1 117.9 180.5 170.3 316.9 112.8 NA 115.6 NA NA NA NA 368 NA
62.7 135.3 85.3 NA 77.9 88.6 124.3 22.6 85.8 97 58.4 100.9 NA 48.2 NA NA NA NA 68.1 NA
1.9 0.1 0.1 NA 0.7 0.7 15.3 0 0 0.8 0.2 0 NA 0.9 NA NA NA NA 2 NA
0 0 0.2 NA 0 0 0.5 0 0 0 0 0 NA 0 NA NA NA NA 0.1 NA
0 NA 0.4 NA 0 0 51.6 8.9 45.8 0.6 7.4 0 NA 46.7 NA NA NA NA 36.9 NA
8.6 90.7 47.9 NA 32.7 85.4 115.3 115.4 26.9 0 23.5 70 NA 40.4 NA NA NA NA 42.5 NA
60.7 26.8 19.6 NA 29.8 21.3 13.3 11.8 24.5 20.8 12.3 34.9 NA 12.7 NA NA NA NA 32 NA
171.3 150.5 289.2 NA 219.9 81.9 238.6 291.2 215.5 132.3 102.4 282.3 NA 214.3 NA NA NA NA 230.5 NA
0 86.7 67 NA 68.3 54.7 14.1 14.6 74.8 23 21.9 28.5 NA 74.4 NA NA NA NA 59.6 NA
7.8 3.2 12 NA 11.4 5.5 17.1 12.5 8.7 2.5 0 11.7 NA 7.2 NA NA NA NA 4.5 NA
55.9 40.8 71.8 NA 36.4 105 126.6 13.5 31.5 98.9 54.6 67.1 NA 15.1 NA NA NA NA 82.1 NA
14.5 12.4 13.1 NA 13.5 14.7 35.2 15.6 4 3.3 6.5 9 NA 7.9 NA NA NA NA 13.4 NA
22.7 28.6 27.4 NA 34.9 49.7 157.5 20.4 50 26 82.6 61 NA 32.4 NA NA NA NA 83 NA
3.5 5.2 14.5 NA 20 13.6 49.3 7.7 18.5 9.1 13.5 5 NA 13.8 NA NA NA NA 9.8 NA
24.5 21 30.6 NA 47.9 41.3 20.5 69.4 59 15 13.3 21.4 NA 35.9 NA NA NA NA 65.6 NA
12.4 34.4 10.1 NA 3.4 10.7 NA 17.4 38.9 13.3 0.5 17.4 NA 17.9 NA NA NA NA 10.5 NA
98.4 115.7 57 NA 127.9 53.5 26.2 11.5 40.4 7.8 27.7 66.3 NA 61.8 NA NA NA NA 86 NA
19.5 0 0 NA 0 13.5 16 40.3 21.8 11.5 16.2 0 NA 18.4 NA NA NA NA 37.7 NA
100.3 62.7 17.3 NA 35.9 19.4 18.9 24.5 21.2 28.7 21.3 53.8 NA 36.8 NA NA NA NA 85.5 NA
132 75.1 106.2 NA 309 117.9 247.7 104.8 116.2 112.8 88.5 139 NA 145.6 NA NA NA NA 152.2 NA
9.4 93.8 63.9 NA 38.3 42.4 77.1 76.6 96.9 69.3 97.4 48.7 NA 100.6 NA NA NA NA 76.2 NA
26.3 43.9 24.4 NA 43 4.9 46.6 11.1 14.5 0 0 20 NA 12.1 NA NA NA NA 16.2 NA
87.3 58.9 70.3 NA 90.4 145.5 609.1 42.8 94.9 164.9 148.2 102.7 NA 31.2 NA NA NA NA 163.4 NA
24.6 30.2 14 NA 20.8 23.4 112 25.5 12.8 22.8 16.4 13.5 NA 15.4 14.2 NA NA NA 19.4 NA
24.6 15.1 23.4 NA 23.5 37.2 120 15.5 72.5 26.2 112.8 16.4 NA 38.1 25.4 NA NA NA 104.9 NA
62 97.6 112.1 NA 90.2 53.3 79.5 22.5 54.5 71.5 83.7 63.5 NA 58.8 87 NA NA NA 63.5 NA
9.8 11.6 14.4 17.4 33.4 7.9 20.4 29.2 46.6 19.7 8.9 14.3 NA 62.3 38.1 NA NA NA 16.2 NA
11.1 0 0 9.9 3.1 10.5 7.7 45.1 67.3 19.3 11.6 11.8 NA 38.7 12.1 NA NA NA 25.9 NA
0 5.1 15 17.2 11.8 45 241.3 9.2 39.1 4 12.1 27.8 NA 0.1 37.6 NA NA NA 50.9 NA
28 17.8 0 71.9 12 21.7 38.2 2.3 1.9 0 0 10.5 NA 15.8 3.2 NA NA NA 23.3 NA
16.2 0 3.6 6.4 0.2 14.1 21.3 10.9 2.3 6.6 1.2 3.4 NA 8.2 0 NA NA NA 61.8 NA
29 49.2 106.9 52.1 111.8 39.3 70.2 53.5 34.5 26.3 11.2 95.5 NA 40.3 27 NA NA NA 69.4 NA
48 206.6 119.3 46.6 125 137.4 289.1 83.4 110.7 73.9 71 79.5 NA 117.7 115.8 NA NA NA 158.7 NA
160.7 185.5 102.3 127.1 87.4 62.9 541.1 37.5 70.2 59.9 24.1 99.3 NA 57.2 57.3 NA NA NA 77.6 NA
24 21.4 34 21.3 28 23.7 73.3 11.2 34.9 41.5 24.1 32.2 NA 11.6 50.3 NA NA NA 36.1 NA
15.9 5.5 18 15.3 11.2 22.5 77.7 16.8 10 15.2 9 8.4 NA 8.4 17.5 NA NA NA 25.7 NA
31.3 10.5 25.1 11.9 12.7 32.5 34 27.1 25.7 11.2 100.2 7 NA 24.2 12.3 NA NA NA 67.3 NA
68.5 32.2 98.1 63.6 29.4 42.6 55.4 13.2 40.2 64.1 31.7 28.8 NA 26.9 63.4 NA NA NA 30.7 NA
6.3 8.4 8.3 6.4 2.1 6.3 2.4 4.7 10.8 13.9 7.2 11.6 NA 28.4 25.7 NA NA NA 29.9 NA
37.1 3.3 8.3 71.4 31.4 22.4 114.7 61.9 63.3 87.8 2.9 26.5 NA 42.5 13.1 NA NA NA 125.3 NA
0 40.1 2.9 0 21.6 0 0 0 0 0 0 20.3 NA 0 0 NA NA NA 0 NA
25.4 130.1 225.3 127.4 69.2 58.1 158.6 14.6 8.4 36.5 23.6 98.6 NA 23.3 15.8 NA NA NA 1.3 NA
71.2 28.2 38.1 91.9 16.1 34.6 71.2 74.8 86 80.6 66.6 21.9 NA 57.3 56.7 NA NA NA 38.4 NA
1.2 1.4 0 4 0 5.8 32.4 4.3 6.7 30.5 3.4 10.8 NA 10.2 0 NA NA NA 0 NA
306.1 176.9 178.2 105.8 110.5 157 390.5 97.5 204 179.3 72.4 151.3 NA 216.2 96.6 NA NA NA 330.4 NA
142.2 68.5 NA 116.9 162.4 NA 444.5 71.1 116.6 54.6 23.4 93.2 NA 78.2 53.9 NA NA NA 82.9 NA
98.5 56.5 106.8 113.7 101.4 186.9 752.2 77 105.7 160.4 125.8 109.1 NA 63.4 108.4 NA NA NA 258.8 NA
147.8 82.2 92.8 75.1 73.9 96.9 393.8 115.8 75.9 72.6 33.7 43.7 NA 76.1 76.2 NA NA NA 105.6 NA
94 38.7 28.8 62.4 86.6 53.5 117.9 11 28 49 78 34.7 NA 5.3 22.9 NA NA NA 57.4 NA
13.3 79 75.8 96.9 55.6 59.9 NA 14.8 34.7 39.9 33 36.7 NA 16.8 43.1 NA NA NA 31.5 NA
61.3 24.1 31.3 30.1 28.2 39.4 49.4 47.1 70.8 28.7 25.4 27.2 NA 61.9 33.9 NA NA NA 77.2 NA
10.5 31.5 13.3 24.9 19 16.4 24.3 23.9 32.6 70.1 8.8 5.5 NA 46.6 5.9 NA NA NA 36.9 NA
8.7 0 0.4 0 0 0 0 0.1 0 0 0 0 NA 0 0 NA NA NA 0 NA
152.5 140.6 202 196.2 41 68.4 245.2 53.3 27.6 66.1 81.6 83.2 NA 24.2 21.7 NA NA NA 36.9 NA
22.1 74 24 15.6 39 6.3 48.9 64.3 28.3 51.8 39.7 38.9 NA 29 43.8 NA NA NA 71.4 NA
121.9 104.8 121.4 40.8 113.8 54.4 153.5 NA 119.8 68.6 91.3 58.1 NA 59.9 130.8 NA NA NA 190.1 NA
52.1 66.6 37.9 13.1 55.5 53.8 24.3 NA 0 7.8 11.5 16.8 NA 46.5 21.1 NA NA NA 0 NA
76.1 50 37.5 31.6 50.2 46.6 193.7 NA 19.1 8.9 4.4 33.1 NA 10.4 34.6 NA NA NA 42.5 NA
82.4 27.4 97.9 39 38.3 67 125.8 NA 55.6 104.5 80.3 50.9 NA 22 79.6 NA NA NA 85.1 NA
7.3 13.2 7.5 3.6 6.8 8.2 45.3 NA NA 8 7.6 5 NA 7.1 3.5 NA NA NA 4.5 NA
106.7 9.7 20.3 28.4 40.2 42.8 254.2 NA 52.7 88.6 161.3 30.5 NA 15.5 30.8 NA NA NA 77.2 NA
6 26 17.5 12.7 5.9 7.6 3.1 NA 3.4 7.8 8.1 4.1 NA 3.1 3.3 NA NA NA 10.7 NA
44.4 9.9 17.3 33.4 41.5 20.4 40.3 NA 15.2 36.6 28.6 23.8 NA 40 29 NA NA NA 37.8 NA
23.4 5.1 4.2 4.2 2.2 20.7 6.8 NA 9.2 15.5 5.4 4.1 NA 32.2 5.8 NA NA NA 27.7 NA
68.9 38.8 3.9 38.8 62.1 51.7 248.9 NA 51.6 0 0 49.3 NA 3.3 28.3 NA NA NA 31.8 NA
0 41 79.7 110.7 15.9 49.2 22.8 NA 0 28.1 6.5 46.4 NA 3.3 1.9 NA NA NA 34.6 NA
94.6 0 0 12.1 14.3 NA 36.1 NA 104.7 11.1 2.3 15.1 NA 16.9 5.7 NA NA NA 90.9 NA
98.8 75.1 153.6 72.8 133.7 74.7 275 NA 233.1 171.9 131 100.1 NA 150.5 143.5 NA NA NA 107.7 NA
102.5 85.2 145 31.9 79.9 110.8 255.5 NA 46.4 29 37.2 26.4 NA 34.4 38.9 NA NA NA 93.5 NA
20.3 20.5 9 11.6 8.3 2.6 50.8 NA 17.9 3.7 2.1 19 NA 7.7 9.1 NA NA NA 10.4 NA
11.6 17.7 13.3 12.5 7.8 12.6 20.2 NA 11.5 32.5 35.4 7.1 NA 8.1 29.1 NA NA NA 14.4 NA
30.9 65.4 68.2 29.7 56.5 36.1 101.2 NA 32.1 40.5 24.8 20.5 NA 25.9 33 NA NA NA 52.6 NA
147.8 49.2 50.9 39.3 105.2 124.9 292.5 NA 39.6 92.2 176.5 49.4 NA 55.6 62.3 NA NA NA 97.6 NA
NA 30.9 NA 31.9 20 4.6 14.8 NA 7.2 15.3 16 12.3 NA 17.6 2.9 NA NA NA 9.7 NA
31.8 5 31 45.7 26.9 22.1 43.1 NA 35.5 26.4 24 16.5 NA 93.7 29.7 NA NA NA 31.1 NA
7 16.6 23.6 4.3 23 7.1 45 NA 3.8 62.2 36.7 7.7 NA 0 13.8 NA NA NA 30.3 NA
0 0 0 0 0 0 0 NA 0 0 0 0 NA 0 0 NA NA NA 0 NA
56.7 54.3 58.8 73 19.9 45 77.2 NA 4.9 51.3 35.3 38.4 NA 10.2 9 NA NA NA 83.6 NA
96.3 23.7 2.9 18 11.1 NA 21.5 NA 61.1 51.9 42 11 NA 34.3 20.3 NA NA NA 132.1 NA
32.9 69 44.8 35.3 86.1 NA 154 NA 4.1 81 25.6 146.3 NA 17.9 65.9 NA NA NA 83.7 NA
96.2 155.9 159.8 49 144.3 72.2 76.5 NA 24.3 127.3 108.1 61.2 NA 68 110.7 NA NA NA NA NA
43.4 26.7 12.7 58.3 41.7 6.8 342 NA 6.6 22.7 26.2 21.5 NA 3.2 21.1 NA NA NA NA NA
99.2 51.4 92.6 92.6 60 162.9 459.5 NA 89.6 182.2 64.9 86.3 NA 35.6 55 NA NA NA NA NA
21.3 41.4 58 30 47.8 NA 79.5 NA 18.1 26.8 28.2 33.4 NA 25.3 26.4 NA NA NA NA NA
60.6 31.2 31.9 17.3 63.6 30.9 75.2 NA 29.7 2 85.2 30.7 NA 29.5 29.2 NA NA NA NA NA
18.8 24.1 41.2 65.8 32 45.3 74 NA 31.8 40.7 42.8 50.6 NA 32.6 34.5 NA NA NA NA NA
60.1 21 27.3 39.6 20.6 49.7 71.7 NA 63 18.3 23.8 26.8 NA 72.2 61.9 NA NA NA NA NA
26.5 26 23.7 21.3 10.2 52.4 57.7 NA 28 39.8 17.1 5 NA 21.6 10.9 NA NA NA NA NA
0 0.9 0 0.2 0 13.3 3.1 NA 0 0 NA 3.2 NA 0 0 NA NA NA NA NA
73.3 53.3 79.6 107.5 30 43 93.7 NA 25.2 36.8 NA 81.4 NA 33.1 14.3 NA NA NA NA NA
88.6 28.8 20.1 38.9 45.5 22.1 59.1 NA 51.5 1.7 NA 30.3 NA 13.3 34.9 NA NA NA NA NA
80.6 150.5 292.1 126.4 299.8 139.6 606.6 NA 232 99.7 NA 332.9 NA 143 370.7 NA NA NA NA NA
60.5 35 31.9 23.6 40.4 33.4 104.6 NA 117.3 63 NA 96.8 NA 107.8 47.7 NA NA NA NA NA
25.2 51.3 51.5 32.8 52.6 30.9 308.5 NA 27.8 9.6 NA 53.8 NA 18.3 39.7 NA NA NA NA NA
31.6 8.3 13.6 16.4 37.1 14.4 70.6 NA 37.5 54.1 NA 10.5 NA 23.9 33.5 NA NA NA NA NA
31.2 74.8 82.1 32.3 58.1 48.9 147.2 NA 38.5 31.2 NA 29.1 NA 38.7 30.4 NA NA NA NA NA
79.4 60.8 38.4 24.7 33.8 34.2 165.8 NA 50.8 82.6 NA 35.7 NA 42.9 76.4 NA NA NA NA NA
8.2 26.7 20 52 25.1 14.3 40.7 NA 14.9 75.9 NA 22.9 NA 16.4 37.3 NA NA NA NA NA
0.6 0.1 1.3 0.6 1.6 0.1 0.3 NA 0 0.4 NA 0.2 NA 0 0 NA NA NA NA NA
0.4 0 1 2 0.3 2.1 21.6 NA 1.2 11 NA 4.5 NA 0.7 1.1 NA NA NA NA NA
42 113.2 31.9 34.2 126.9 74.6 185.6 NA 1.2 135 NA 115.1 NA 1.2 51.7 NA NA NA NA NA
21.6 28.6 67.1 53.2 14.7 56.9 12.3 NA 43.9 29.5 NA 60.4 NA 46.1 10.7 NA NA NA NA NA
187 52.5 31.4 89.7 65.4 128.4 76.5 NA 51.5 68.1 NA 49.6 NA 85.2 72.1 NA NA NA NA NA
100.1 166.5 144.8 103.2 200.3 156.1 323.9 NA 145.9 186.6 NA 210.9 NA 152.9 366.6 NA NA NA NA NA
27.6 84.6 36 23 28.2 17.2 48.7 NA 68 12.9 NA 39.3 NA 94.6 30.7 NA NA NA NA NA
165.3 177.5 127.9 153.3 219.7 122.4 495.4 NA 40.7 61.8 NA 184.5 NA 23 150.1 NA NA NA NA NA
51.6 42.5 80.3 87.1 69.2 136.6 441.2 NA 41.2 94.3 NA 75.9 NA 30.4 84.7 NA NA NA NA NA
31.3 35.9 49.4 19.6 24.4 25 189.2 NA 17.9 20.5 NA 18.6 NA 32.9 24.5 NA NA NA NA NA
16.7 18.2 34.1 0 13.5 11.9 62.4 NA 20.6 12.7 NA 4.7 NA 7.1 8 NA NA NA NA NA
19.2 32.3 30.6 50.4 42.7 11.5 35 NA 17.7 58.7 NA 29.5 NA 12.6 30.3 NA NA NA NA NA
0 0 0 0 0 0 0 NA 0 0 NA 0 NA 0.3 0.1 NA NA NA NA NA
75.9 41.8 34.7 77.5 38.3 56.2 155.7 NA 67.1 61.7 NA 47.5 NA 114.1 33.1 NA NA NA NA NA
0 2.8 0.4 0 32.8 0 0 NA 0 2.2 NA 1.5 NA 0 0 NA NA NA NA NA
0 12.3 46.5 0 11.5 23.1 1.2 NA 0 2 NA 29.7 NA NA 1.7 NA NA NA NA NA
43.3 25.9 51.9 28 39.4 33.3 65.9 NA 83.4 79.8 NA 33.8 NA NA 22.1 NA NA NA NA NA
88 64.6 77.3 103.6 88 111.8 279.6 NA 85.2 107.2 NA 138.5 NA NA 77.1 NA NA NA NA NA
20.6 26.8 20 15.1 17 38.1 11.3 NA 18.8 13.9 NA 42.2 NA NA 46.8 NA NA NA NA NA
183.3 299 167.3 126.5 228.7 144.1 718.4 NA 136.3 102.5 NA 139 NA NA 111.7 NA NA NA NA NA
78.7 75.1 101.3 56.5 78.1 70.8 270.7 NA 50 73.4 NA 57.4 NA NA 88.8 NA NA NA NA NA
26.1 36.7 10.9 16 24.6 32.6 106.2 NA 17.1 42.6 NA 8.1 NA NA 17.8 NA NA NA NA NA
67.6 43.8 66.7 40.2 72.3 42 209.4 NA 65.5 57.7 NA 47.5 NA NA 43 NA NA NA NA NA
57.6 81.9 87 131.8 NA 42.9 159 NA 82.7 78.9 NA 34.5 NA NA 56.3 NA NA NA NA NA
14.1 9 20.4 8.1 20.7 19.3 34.7 NA 14.9 26.7 NA 9.9 NA NA 44.4 NA NA NA NA NA
30.1 0.5 6.1 3.1 0 6.1 10.8 NA 4.8 20.4 NA 0.4 NA NA 4.8 NA NA NA NA NA
1.2 2.7 0.2 2.1 18.3 8.1 39.7 NA 33.9 35.3 NA 14.9 NA NA 0.2 NA NA NA NA NA
85.3 83 63.4 183.4 0 81.3 91.9 NA 57.7 15.8 NA 60.9 NA NA 10.9 NA NA NA NA NA
78.7 40.9 42.1 34.9 38.3 33.3 126.2 NA 17.9 41.2 NA 42.8 NA NA 78.8 NA NA NA NA NA
252 285.6 392 193.5 402.6 145.4 811.4 NA 304.5 173.4 NA 251 NA NA 667.1 NA NA NA NA NA
138.2 106.3 91.4 30.2 128.6 132.5 243.6 NA 126.5 134.1 NA 67.6 NA NA 68.5 NA NA NA NA NA
50 38.4 13.5 28.7 92.6 35.9 72.3 NA 38.1 15.5 NA 36.7 NA NA 37.6 NA NA NA NA NA
6.4 18.2 19.1 11.2 10.6 14.2 44.7 NA 6.9 27 NA 6.3 NA NA 16.2 NA NA NA NA NA
97.8 137.6 135.6 94.7 145 127.2 536.3 NA 69.7 120.6 NA 58.6 NA NA 151.6 NA NA NA NA NA
279.3 161.5 180.1 121.3 134.8 178.4 673.9 NA 125.4 204.5 NA 96.6 NA NA 133.5 NA NA NA NA NA
90.2 179.3 117.1 100.6 140 72.8 118.3 NA 85.8 126.2 NA 84.4 NA NA 148.1 NA NA NA NA NA
11 2.7 4.2 3.3 6.8 1.7 4.3 NA 1 6 NA 0.4 NA NA 4.5 NA NA NA NA NA
0.6 NA 2.3 3.3 0 6.7 7.1 NA 0 0 NA 0.1 NA NA 3 NA NA NA NA NA
87.3 43 54.1 102.2 58.4 105.8 240.7 NA 27.6 58.4 NA 33.7 NA NA 101.8 NA NA NA NA NA
81.2 66.1 90.6 117.3 15.5 46.4 85 NA 0 11.4 NA 74.3 NA NA 3 NA NA NA NA NA
9.3 44.3 6.8 9.3 15.8 0.9 19.2 NA 0 9.1 NA 12.3 NA NA 0 NA NA NA NA NA
153.2 157.4 126.8 150.6 103.2 61.7 469.9 NA 189 134.5 NA 105.5 NA NA 205.7 NA NA NA NA NA
NA 93.2 51.8 27.9 52.2 32.9 150.5 NA NA 31.6 NA 24.8 NA NA 88.7 NA NA NA NA NA
0 0 4.6 9.9 7.5 0 37.2 NA 9.1 0 NA 0 NA NA 0 NA NA NA NA NA
26.2 21.5 14.9 27.8 13.8 72.3 258.6 NA 32.7 41.3 NA 18.2 NA NA 28.7 NA NA NA NA NA
8.2 31.6 7 12.1 10.2 33.3 117.6 NA 8.3 NA NA 7.9 NA NA 4.2 NA NA NA NA NA
27.4 51.4 35.5 29.5 61.7 35.4 41.4 NA 9.1 34.6 NA 20.5 NA NA 23.6 NA NA NA NA NA
21.9 57.8 93.2 87.8 79.9 NA 116.3 NA 41.2 39.3 NA 32.2 NA NA 19.2 NA NA NA NA NA
11.5 3.9 2 3.8 4.7 0.4 3.8 NA NA 6 NA 1.2 NA NA 3.5 NA NA NA NA NA
11.2 NA 14.4 8.5 12.6 34 36.3 NA 20.6 72.3 NA 2.7 NA NA 16.6 NA NA NA NA NA
0 0 0 0 0 8.7 0 NA 0 2.2 NA 3.2 NA NA 0 NA NA NA NA NA
33.4 83.4 165 145.3 57.1 78.4 109.6 NA 43.1 29.1 NA 53.1 NA NA 15.1 NA NA NA NA NA
73.1 63.1 49.8 92.8 39.3 79.6 175.1 NA 25.7 60.1 NA 67.2 NA NA 87.7 NA NA NA NA NA
38 32.9 28.6 29.6 50.1 27.7 19 NA 33.7 24 NA 48 NA NA 82.3 NA NA NA NA NA
134.4 258.9 NA 97 161 180.7 314.7 NA 168.8 103.6 NA 129.1 NA NA 174.4 NA NA NA NA NA
73.6 190.1 205.9 132 92.2 49.1 563 NA 109.6 54.7 NA 83 NA NA 151.5 NA NA NA NA NA
8.6 13.1 13.3 6.9 8.9 28.2 110.8 NA 16.9 12 NA 14.1 NA NA 10.6 NA NA NA NA NA
71.5 127.5 47.2 43.4 47.1 50.6 185.8 NA 34.5 29 NA 24.4 NA NA 43.4 NA NA NA NA NA
99 40.1 28.2 48.3 56.7 48 92.3 NA 45.9 96.5 NA 32.8 NA NA 50.6 NA NA NA NA NA
25.4 32.1 71.5 87 71.8 67.5 73.3 NA 10.5 53.3 NA 55.5 NA NA 17.5 NA NA NA NA NA
21.1 6.3 39.6 19.9 27.3 19 28.2 NA 30.7 35.1 NA 13.5 NA NA 40.6 NA NA NA NA NA
4.1 15.4 7.3 13.3 9.5 9.7 43.1 NA 23.2 NA NA 14.5 NA NA 26 NA NA NA NA NA
37.8 23.5 63.8 15.1 120.3 22.2 85.3 NA 18.5 67.5 NA 145.7 NA NA 105.2 NA NA NA NA NA
63.3 41.8 111 0 0.5 16.1 5.1 NA 14.5 9.7 NA 0 NA NA 3.7 NA NA NA NA NA
50 3.3 0.8 9.5 12.3 18.3 36.7 NA 14.3 0 NA 6.4 NA NA 15.8 NA NA NA NA NA
74.8 57.6 117.5 58.8 48.1 44.5 130.4 NA 65.3 87.3 NA 61 NA NA 112.9 NA NA NA NA NA
68.2 182.7 240.3 87.7 138.8 136.4 292.7 NA 261.6 98 NA 107.3 NA NA 99.6 NA NA NA NA NA
213.6 256.5 214.5 127.4 242.7 60.9 524.2 NA 73.7 135.9 NA 257.2 NA NA 167.5 NA NA NA NA NA
4.7 15.2 10.3 8 0 8 59.5 NA 39 23.8 NA 15.7 NA NA 5.8 NA NA NA NA NA
25.8 57.2 43.9 26.8 37.7 50.3 183.5 NA 38.1 51.1 NA 26.8 NA NA 24.5 NA NA NA NA NA
139.6 37.8 19.6 43.6 43.1 45.2 231.7 NA 43 113.1 NA 42.1 NA NA 41.6 NA NA NA NA NA
9.6 13.1 32.5 76.4 18 15.1 48.2 NA 7.5 14.3 NA 13.1 NA NA 28.9 NA NA NA NA NA
45.6 15 21.5 40.9 27.6 9.1 34.7 NA 81.5 NA NA 11.9 NA NA 39 NA NA NA NA NA
5.7 8.3 9.4 4.3 5.4 3 49.5 NA 27.9 11 NA 6.9 NA NA 1.4 NA NA NA NA NA
3.1 0 0 4.8 0 0 0 NA 0 4.8 NA 3.1 NA NA 5.1 NA NA NA NA NA
87.1 143.2 142.4 107.8 19.8 64.9 10.1 NA 0 43.2 NA 178.5 NA NA 30.9 NA NA NA NA NA
141.9 26.5 10.4 93 45.4 39.1 162.1 NA 34 30.9 NA 38.9 NA NA 18.7 NA NA NA NA NA
31.3 28.3 39.5 31.2 49.7 22.7 75.5 NA 66.8 36.9 NA 36.7 NA NA 98.8 NA NA NA NA NA
119.6 118.2 110 88.7 73.7 83.7 290.3 NA 79.8 102.1 NA 84.2 NA NA 55.8 NA NA NA NA NA
36.1 90.1 60.8 43.9 91.7 32.9 206.2 NA 23.6 9.2 NA 57.7 NA NA 63.5 NA NA NA NA NA
39.1 45.7 47 60.5 69 109.6 317.6 NA 54.1 62.2 NA 43.3 NA NA 51.7 NA NA NA NA NA
65.8 97 101 53.1 51.1 43.9 267.9 NA 36.8 60.6 NA 67.3 NA NA 67.2 NA NA NA NA NA
NA 13.5 12.4 14.9 13.4 26.6 47.2 NA 15.1 42.6 NA 17.5 NA NA 19.5 NA NA NA NA NA
27 61.1 76.5 52.6 53.7 53.2 53.1 NA 33.4 18.6 NA 38.1 NA NA 46.6 NA NA NA NA NA
4.3 NA 3.2 1.8 1.5 6.7 12.5 NA 0 0.9 NA 1.8 NA NA 2.2 NA NA NA NA NA
0 0.9 2.5 1.8 1.9 0.6 6.4 NA 0 0 NA 3.4 NA NA 1.6 NA NA NA NA NA
26.4 0 0 1.6 0 3.7 22.9 NA 0.4 2.1 NA 24 NA NA 7.3 NA NA NA NA NA
0 0 0 0 0 28.8 20.5 NA 0 0 NA 0 NA NA 0 NA NA NA NA NA
133.5 19.4 27.5 26.1 17.4 16.1 104.8 NA 2.2 32 NA 46.6 NA NA 41.8 NA NA NA NA NA
46.9 168.1 212.3 113.8 210.7 86.8 436.7 NA 162.8 147.1 NA 211.6 NA NA 323.4 NA NA NA NA NA
331.2 234 188.7 157.3 180.5 268.5 655.4 NA 148.1 197.3 NA 155.9 NA NA 100 NA NA NA NA NA
29.3 23.5 22.4 24.9 10.9 23.7 90.8 NA 6.1 12.2 NA 21 NA NA 2.2 NA NA NA NA NA
54.5 70.6 50.1 44 76.9 96.4 309.1 NA 39.9 45.2 NA 62.9 NA NA 41.3 NA NA NA NA NA
7.3 19.5 10.9 4.9 5.2 12.6 33 NA 11.7 NA NA 8.7 NA NA 13.7 NA NA NA NA NA
71.6 41.9 20.3 62.7 40.6 56.8 138.6 NA 64 71.4 NA 27.3 NA NA 12.1 NA NA NA NA NA
38.8 NA 89.2 137.4 55.3 57.6 142.8 NA 60.4 60.7 NA 47.1 NA NA 81 NA NA NA NA NA
12.2 1.4 4.2 3.4 3 3.8 10.4 NA 8.4 10.6 NA 2 NA NA 7.3 NA NA NA NA NA
1.6 2 0 1.5 0.4 1.2 12.1 NA 1.4 7.9 NA 0 NA NA 0 NA NA NA NA NA
7.3 0 NA 6.9 0 0 0 NA 0 0 NA NA NA NA 0 NA NA NA NA NA
0 0 47.5 0 0 25.9 22.2 NA 0 0 NA NA NA NA 2.8 NA NA NA NA NA
290.5 207.2 111.3 277.4 253.1 225 373.4 NA 132.6 158.8 NA NA NA NA 175.1 NA NA NA NA NA
58.3 67.6 98.3 56.9 118.2 30.2 101.7 NA 89.2 112 NA NA NA NA 343.8 NA NA NA NA NA
40.5 49.3 36.4 54.2 33.6 65.1 204.4 NA 62 45.2 NA NA NA NA 23.8 NA NA NA NA NA
130.8 254.2 140.4 170.6 157.7 76.3 670.9 NA 65.5 98.9 NA NA NA NA 184.3 NA NA NA NA NA
52.6 61.2 89.7 117.7 99.8 212.7 439.3 NA 57.7 105.1 NA NA NA NA 82.6 NA NA NA NA NA
44.4 61.3 33.5 17 35.3 39.9 145.3 NA 17.4 16.7 NA NA NA NA 38.2 NA NA NA NA NA
94.8 95.5 95.5 68.6 93.6 71.1 187.6 NA 48.9 52 NA NA NA NA 78.5 NA NA NA NA NA
59.8 156.3 108.1 164.5 94.3 76.9 120.8 NA 51.3 107.6 NA NA NA NA 66.8 NA NA NA NA NA
4 NA 9.4 7.3 6.4 7.3 14.3 NA 4.1 13.6 NA NA NA NA 0.2 NA NA NA NA NA
5 3.1 1 0.8 2.1 0.6 0.3 NA 3.9 0 NA NA NA NA 0.7 NA NA NA NA NA
0 0 0 0 0 20 0 NA 0 0 NA NA NA NA 0.7 NA NA NA NA NA
125.2 104.2 216.1 222.9 50.6 77.2 293.4 NA 71 232.4 NA NA NA NA 29.1 NA NA NA NA NA
46.1 22.6 34 15.4 18.7 8.5 20.8 NA 3.8 55.9 NA NA NA NA 52.3 NA NA NA NA NA
8.1 78.1 18.5 30 91.9 20.2 79.5 NA 84.1 5.6 NA NA NA NA 44.2 NA NA NA NA NA
191.6 295.2 197.6 99.7 237.6 201.7 482.6 NA 149.9 215.4 NA NA NA NA 195.8 NA NA NA NA NA
89.9 96.3 104.5 95.7 98.2 58.9 293.1 NA NA 54.8 NA NA NA NA 114.3 NA NA NA NA NA
113.8 86.2 128 76.4 106.1 102.2 504.5 NA 76.2 248.6 NA NA NA NA 114.5 NA NA NA NA NA
81.8 91.8 72.2 52.3 75.4 76.1 122.6 NA 35.9 62.9 NA NA NA NA 40.7 NA NA NA NA NA
64.1 25.3 18.2 69.4 51.6 43.6 38.3 NA 17.4 100.1 NA NA NA NA 36.8 NA NA NA NA NA
8.4 36.4 56.3 35.7 49.4 33.8 21.4 NA 26.3 43.7 NA NA NA NA 31.9 NA NA NA NA NA
39.5 18.5 20.4 14 19.7 11.3 12.9 NA 25.8 51.9 NA NA NA NA 52.8 NA NA NA NA NA
14 3.6 14 18.5 10.8 17.1 10.3 NA 15.4 65.6 NA NA NA NA NA NA NA NA NA NA
0 0 0 0 0 0 7.4 NA 0 0.1 NA NA NA NA NA NA NA NA NA NA
58.8 166.5 229.9 169.2 59.8 130.9 152.3 NA 62.5 62.9 NA NA NA NA NA NA NA NA NA NA
96.6 44.5 21 11.1 47.9 3.1 11.2 NA 23.4 61.3 NA NA NA NA NA NA NA NA NA NA
73 111 45 27.7 68.5 84 354.3 NA 54.3 99.4 NA NA NA NA NA NA NA NA NA NA
33.1 29.1 19.8 7.4 11.3 65.2 128.6 NA 23.2 31.9 NA NA NA NA NA NA NA NA NA NA
73.7 21 17 37.4 52.4 18.2 267 NA 29.1 8 NA NA NA NA NA NA NA NA NA NA
